Keiichi Sigsawa,1,1,0,0,0,121,2,0,0,1
Kino,1,0,0,0,0,110,1,0,0,1
Kino,1,0,0,0,0,110,1,0,0,1
Kino,1,0,0,0,0,110,1,0,0,1
Hermes,1,0,1,0,0,110,1,0,0,0
in the,0,1,0,0,0,121,2,0,2,0
Gol D. Roger,1,1,0,0,0,121,3,1,0,1
Roger,1,0,0,0,0,121,1,0,0,1
Monkey D. Luffy,1,1,0,0,0,121,3,1,0,1
Luffy,1,1,0,0,0,121,1,0,0,1
Luffy,1,1,0,0,0,121,1,0,0,1
Pirate King,1,1,0,1,1,121,2,0,0,0
Grand Line,1,1,0,0,1,121,2,0,0,0
World Government,1,0,0,0,1,121,2,0,0,0
Grand Age,1,0,0,0,1,121,2,0,0,0
Pirate King,1,1,0,1,1,121,2,0,0,0
Grand Line,1,1,0,0,1,121,2,0,0,0
MAL,0,1,0,0,0,121,1,1,0,0
battling strong,0,1,0,0,0,121,2,0,2,0
Night Raid,1,0,0,0,1,121,2,0,0,1
Revolutionary Army,1,1,0,0,1,121,2,0,0,1
Prime Minister Honest,1,1,0,0,0,121,3,0,0,1
Night Raid,1,0,0,0,1,121,2,0,0,1
Tatsumi,1,0,0,0,0,121,1,0,0,1
Night Raid,1,0,0,0,1,121,2,0,0,1
Akame,1,1,0,0,0,121,1,0,0,1
Tatsumi,1,0,0,0,0,121,1,0,0,1
MAL,0,1,0,0,0,121,1,1,0,0
assassin with,0,1,0,0,0,121,2,0,2,0
Bebop,1,0,0,0,0,110,1,0,0,1
Mellow,1,1,0,0,0,118,1,0,0,1
Spike Spiegel,1,0,0,0,0,121,2,0,0,1
Jet Black,1,0,0,0,0,121,2,0,0,1
Welsh Corgi,1,1,0,0,0,121,2,0,0,1
Faye Valentine,1,1,0,0,0,121,2,0,0,1
Edward Wong,1,1,0,0,0,121,2,0,0,1
Bebop,1,0,0,0,0,110,1,0,0,1
Earth,1,1,0,0,0,110,1,0,0,0
Inter Solar System Police,1,0,1,0,1,121,4,0,0,0
outlaw,0,0,0,0,0,110,1,0,1,0
MAL,0,1,0,0,0,121,1,1,0,0
to as,0,1,0,0,0,121,2,0,2,0
Chihiro Ogino,1,0,0,0,0,121,2,0,0,1
Chihiro,1,0,0,0,0,121,1,0,0,1
Haku,1,0,0,0,0,121,1,0,0,1
Sen,1,1,0,0,0,110,1,0,0,1
Chihiro,1,0,0,0,0,121,1,0,0,1
Kamikakushi,1,0,0,0,0,121,1,0,0,1
Chihiro,1,0,0,0,0,121,1,0,0,1
MAL,0,1,0,0,0,121,1,1,0,0
to this,0,1,0,0,0,121,2,0,2,0
Gon Freecss,1,0,0,0,0,121,2,0,0,1
Gon,1,1,0,0,0,121,1,0,0,1
Gon,1,1,0,0,0,121,1,0,0,1
Leorio,1,1,0,0,0,121,1,0,0,1
Kurapika,1,1,0,0,0,121,1,0,0,1
Killua,1,1,0,0,0,121,1,0,0,1
Hunter,1,1,0,0,1,110,1,0,0,1
Gon,1,1,0,0,0,121,1,0,0,1
Hunter,1,0,0,0,0,110,1,0,0,0
Hunter,1,0,0,0,0,110,1,0,0,0
Hunter,1,0,0,0,0,110,1,0,0,0
Hunter,1,0,0,0,0,110,1,0,0,0
Hunter,1,0,0,0,0,110,1,0,0,0
Hunter,1,0,0,0,0,110,1,0,0,0
Hunter,1,0,0,0,0,110,1,0,0,0
MAL,0,1,0,0,0,121,1,1,0,0
s exist,0,1,0,0,0,121,2,0,2,0
Shiroe,1,0,0,0,0,121,1,0,0,1
Shiroe,1,0,0,0,0,121,1,0,0,1
Naotsugu,1,1,0,0,0,121,1,0,0,1
Akatsuki,1,1,0,0,0,121,1,0,0,1
Shiroe,1,0,0,0,0,121,1,0,0,1
MMORPG,0,1,0,0,0,121,1,1,0,0
Elder Tale,1,1,0,0,0,121,2,0,0,0
Akihabara,1,1,0,0,0,121,1,0,0,0
Log Horizon,1,1,0,0,0,121,2,0,0,0
MAL,0,1,0,0,0,121,1,1,0,0
city of,0,1,0,0,0,121,2,0,2,0
Fuu Kasumi,1,1,0,0,0,121,2,0,0,1
Fuu,1,0,0,0,0,121,1,0,0,1
Mugen,1,0,0,0,0,121,1,0,0,1
Mugen,1,0,0,0,0,121,1,0,0,1
Jin,1,0,0,0,0,121,1,0,0,1
Fuu,1,0,0,0,0,121,1,0,0,1
Fuu,1,0,0,0,0,121,1,0,0,1
Mugen,1,0,0,0,0,121,1,0,0,1
Jin,1,0,0,0,0,121,1,0,0,1
Samurai Champloo,1,1,0,0,0,121,2,0,0,1
Edo,1,0,0,0,0,110,1,0,0,0
Japan,1,1,0,0,0,110,1,0,0,0
MAL,0,1,0,0,0,121,1,1,0,0
an alternate,0,1,0,0,0,121,2,0,2,0
Gokuu,1,0,0,0,0,121,1,0,0,1
Raditz,1,0,0,0,0,121,1,0,0,1
Gokuu,1,0,0,0,0,121,1,0,0,1
Gokuu,1,0,0,0,0,121,1,0,0,1
Gokuu,1,0,0,0,0,121,1,0,0,1
Gokuu,1,0,0,0,0,121,1,0,0,1
Raditz,1,0,0,0,0,121,1,0,0,1
Gokuu,1,0,0,0,0,121,1,0,0,1
World Martial Arts,1,1,0,0,1,121,3,0,0,0
Saiyan,1,1,0,0,0,121,1,0,0,0
Earth,1,0,0,0,0,110,1,0,0,0
Earth,1,0,0,0,0,110,1,0,0,0
Earth,1,0,0,0,0,110,1,0,0,0
Dragon Ball Z.,1,1,0,0,0,121,3,1,0,0
MAL,0,1,0,0,0,121,1,1,0,0
purpose was,0,1,0,0,0,121,2,0,2,0
Bell Cranel,1,1,0,0,0,121,2,0,0,1
Hestia,1,1,1,0,0,110,1,0,0,1
Bell,1,1,0,0,0,110,1,0,0,1
Life,1,1,0,0,0,110,1,0,0,0
Orario,1,0,0,0,0,121,1,0,0,0
MAL,0,1,0,0,0,121,1,1,0,0
on a,0,1,0,0,0,121,2,0,2,0
Holy Knights,1,0,0,0,1,121,2,0,0,1
Knights,1,0,0,0,1,110,1,0,0,1
Holy Knights,1,0,0,0,1,121,2,0,0,1
Holy Knights,1,0,0,0,1,121,2,0,0,1
Liones,1,1,0,0,0,121,1,0,0,1
Nanatsu,1,1,0,0,0,121,1,0,0,1
Taizai,1,0,0,0,0,121,1,0,0,1
Elizabeth,1,1,0,0,0,110,1,0,0,1
Holy Knights,1,0,0,0,1,121,2,0,0,1
Middle,1,1,0,0,0,110,1,0,0,0
Britannia,1,0,0,0,0,121,1,0,0,0
Britannia,1,0,0,0,0,121,1,0,0,0
Liones,1,1,0,0,0,121,1,0,0,0
Kingdom,1,0,0,1,1,110,1,0,0,0
Kingdom,1,0,0,1,1,110,1,0,0,0
Liones,1,1,0,0,0,121,1,0,0,0
MAL,0,1,0,0,0,121,1,1,0,0
her search,0,1,0,0,0,121,2,0,2,0
Kazuto Kirigaya,1,1,0,0,0,121,2,0,0,1
Kirito,1,1,0,0,0,121,1,0,0,1
Kirito,1,1,0,0,0,121,1,0,0,1
Asuna Yuuki,1,1,0,0,0,121,2,0,0,1
Kirito,1,1,0,0,0,121,1,0,0,1
Sword Art Online,1,0,0,0,0,121,3,0,0,0
SAO,0,1,0,0,0,121,1,1,0,0
NerveGear,0,1,0,0,0,121,1,0,0,0
Aincrad,1,1,0,0,0,121,1,0,0,0
Aincrad,1,1,0,0,0,121,1,0,0,0
Sword Art Online,1,0,0,0,0,121,3,0,0,0
Aincrad,1,1,0,0,0,121,1,0,0,0
MAL,0,1,0,0,0,121,1,1,0,0
and hopefully,0,1,0,0,0,121,2,0,2,0
Louise,1,0,0,0,0,121,1,0,0,1
Louise,1,0,0,0,0,121,1,0,0,1
Louise,1,0,0,0,0,121,1,0,0,1
Zero,1,0,0,0,1,110,1,0,0,1
Louise,1,0,0,0,0,121,1,0,0,1
Saito Hiraga,1,1,0,0,0,121,2,0,0,1
Louise,1,0,0,0,0,121,1,0,0,1
Saito,1,0,0,0,0,121,1,0,0,1
Saito,1,0,0,0,0,121,1,0,0,1
Gandalfr,1,1,0,0,0,121,1,0,0,1
Zero,1,0,0,0,1,110,1,0,0,1
Saito,1,0,0,0,0,121,1,0,0,1
Louise,1,0,0,0,0,121,1,0,0,1
Tristain Academy,1,1,0,0,0,121,2,0,0,0
Wild,1,1,0,0,0,110,1,0,0,0
MAL,0,1,0,0,0,121,1,1,0,0
Françoise Le,0,1,0,0,0,121,2,0,0,0
Ashitaka,1,0,0,0,0,121,1,0,0,1
Ashitaka,1,0,0,0,0,121,1,0,0,1
Lady Eboshi,1,1,0,0,0,121,2,0,0,1
Princess San,1,0,0,0,0,121,2,0,0,1
Ashitaka,1,0,0,0,0,121,1,0,0,1
Princess Mononoke,1,1,0,0,0,121,2,0,0,1
Emishi,1,0,0,0,0,121,1,0,0,0
Tatara,1,1,0,0,0,121,1,0,0,0
Iron Town,1,1,1,0,1,121,2,0,0,0
Tatara,1,1,0,0,0,121,1,0,0,0
MAL,0,1,0,0,0,121,1,1,0,0
he finds,0,1,0,0,0,121,2,0,2,0
Howl,1,0,0,0,0,110,1,0,0,1
Sophie Hatter,1,1,0,0,0,121,2,0,0,1
Sophie,1,1,0,0,0,121,1,0,0,1
Sophie,1,1,0,0,0,121,1,0,0,1
Howl,1,0,0,0,0,110,1,0,0,1
Sophie,1,1,0,0,0,121,1,0,0,1
Howl,1,0,0,0,0,110,1,0,0,1
Waste,1,1,0,0,1,110,1,0,0,0
MAL,0,1,0,0,0,121,1,1,0,0
creaking joints,0,1,0,0,0,121,2,0,2,0
Holo,1,0,0,0,0,121,1,0,0,1
Holo,1,0,0,0,0,121,1,0,0,1
Wise Wolf,1,1,0,0,0,121,2,0,0,1
Kraft Lawrence,1,0,0,0,0,121,2,0,0,1
Holo,1,0,0,0,0,121,1,0,0,1
Holo,1,0,0,0,0,121,1,0,0,1
Lawrence,1,0,0,0,0,110,1,0,0,1
Lawrence,1,0,0,0,0,110,1,0,0,1
Holo,1,0,0,0,0,121,1,0,0,1
Pasloe,1,0,0,0,0,121,1,0,0,0
Yoitsu,1,1,0,0,0,121,1,0,0,0
Pasloe,1,0,0,0,0,121,1,0,0,0
Yoitsu,1,1,0,0,0,121,1,0,0,0
MAL,0,1,0,0,0,121,1,1,0,0
inches closer,0,1,0,0,0,121,2,0,2,0
Millennium Earl,1,1,0,0,1,121,2,0,0,1
Allen Walker,1,1,0,0,0,121,2,0,0,1
Millennium Earl,1,1,0,0,1,121,2,0,0,1
Exorcist,1,1,0,0,0,110,1,0,0,1
Allen,1,0,0,0,0,110,1,0,0,1
Exorcist,1,1,0,0,0,110,1,0,0,1
Millennium Earl,1,1,0,0,1,121,2,0,0,1
Akuma,1,0,0,0,0,121,1,0,0,0
Akuma,1,0,0,0,0,121,1,0,0,0
Akuma,1,0,0,0,0,121,1,0,0,0
Innocence,1,1,1,0,0,110,1,0,0,0
General Cross,1,1,0,0,0,121,2,0,0,0
Black Order,1,1,0,0,1,121,2,0,0,0
Akuma,1,0,0,0,0,121,1,0,0,0
Akuma,1,0,0,0,0,121,1,0,0,0
MAL,0,1,0,0,0,121,1,1,0,0
as he,0,1,0,0,0,121,2,0,2,0
Aladdin,1,0,0,0,0,110,1,0,0,1
Ugo,1,1,0,0,0,121,1,0,0,1
Aladdin,1,0,0,0,0,110,1,0,0,1
Aladdin,1,0,0,0,0,110,1,0,0,1
Alibaba Saluja,1,0,0,0,0,121,2,0,0,1
Alibaba,1,1,0,0,0,121,1,0,0,1
Dungeons,1,1,0,0,0,110,1,0,0,0
MAL,0,1,0,0,0,121,1,1,0,0
upon finally,0,1,0,0,0,121,2,0,2,0
Gokuu Son,1,1,0,0,0,121,2,0,0,1
Bulma,1,0,0,0,0,121,1,0,0,1
Bulma,1,0,0,0,0,121,1,0,0,1
Gokuu,1,0,0,0,0,121,1,0,0,1
Bulma,1,0,0,0,0,121,1,0,0,1
Muten-Roshi,1,0,0,0,0,121,1,0,0,1
Kuririn,1,1,0,0,0,121,1,0,0,1
Gokuu,1,0,0,0,0,121,1,0,0,1
Dragon Balls,1,1,0,0,0,121,2,0,0,0
dragon,0,1,0,0,1,110,1,0,1,0
dragon,0,1,0,0,1,110,1,0,1,0
Martial Arts Tournament,1,1,1,0,0,121,3,0,0,0
MAL,0,1,0,0,0,121,1,1,0,0
for a,0,1,0,0,0,121,2,0,2,0
Yato,1,0,0,0,0,121,1,0,0,1
Yukine,1,0,0,0,0,121,1,0,0,1
Regalia,1,1,0,0,0,110,1,0,0,1
Yato,1,0,0,0,0,121,1,0,0,1
Hiyori Iki,1,1,0,0,0,121,2,0,0,1
Yato,1,0,0,0,0,121,1,0,0,1
Noragami Aragoto,1,1,0,0,0,121,2,0,0,1
Yato,1,0,0,0,0,121,1,0,0,1
Bishamon,1,1,0,0,0,121,1,0,0,1
Yato,1,0,0,0,0,121,1,0,0,1
Bishamon,1,1,0,0,0,121,1,0,0,1
Regalia,1,1,0,0,0,110,1,0,0,1
Kazuma,1,1,0,0,0,121,1,0,0,1
Yato,1,0,0,0,0,121,1,0,0,1
MAL,0,1,0,0,0,121,1,1,0,0
yen apiece,0,1,0,0,0,121,2,0,2,0
Yoma,1,1,0,0,0,121,1,0,0,1
Silver Eyed Witches,1,1,0,0,0,121,3,0,0,1
Claymores,1,1,0,0,0,110,1,0,0,1
Raki,1,0,0,0,0,121,1,0,0,1
Yoma,1,1,0,0,0,121,1,0,0,1
Claymore,1,1,0,0,1,110,1,0,0,1
Clare,1,0,0,0,0,121,1,0,0,1
Clare,1,0,0,0,0,121,1,0,0,1
Raki,1,0,0,0,0,121,1,0,0,1
Clare,1,0,0,0,0,121,1,0,0,1
Yoma,1,1,0,0,0,121,1,0,0,0
MAL,0,1,0,0,0,121,1,1,0,0
demonic predators,0,1,0,0,0,121,2,0,2,0
Ginko,1,1,0,0,0,121,1,0,0,1
Mushi,1,0,0,0,0,121,1,0,0,1
Ginko,1,1,0,0,0,121,1,0,0,1
Mushi,1,0,0,0,0,121,1,0,0,0
Mushi,1,0,0,0,0,121,1,0,0,0
Mushi,1,0,0,0,0,121,1,0,0,0
Mushi,1,0,0,0,0,121,1,0,0,0
Mushi,1,0,0,0,0,121,1,0,0,0
Mushi,1,0,0,0,0,121,1,0,0,0
Mushi,1,0,0,0,0,121,1,0,0,0
Mushi,1,0,0,0,0,121,1,0,0,0
MAL,0,1,0,0,0,121,1,1,0,0
-shi ponders,0,1,0,0,0,121,2,0,2,0
Edward,1,0,0,0,0,110,1,0,0,1
Alphonse Elric,1,0,0,0,0,121,2,0,0,1
Edward,1,0,0,0,0,110,1,0,0,1
Alphonse,1,0,0,0,0,121,1,0,0,1
Edward,1,0,0,0,0,110,1,0,0,1
Alphonse,1,0,0,0,0,121,1,0,0,1
Edward,1,0,0,0,0,110,1,0,0,1
Colonel Roy Mustang,1,1,0,0,0,121,3,0,0,1
Lieutenant Riza Hawkeye,1,1,0,0,0,121,3,0,0,1
Lieutenant Colonel Maes Hughes,1,0,0,0,0,121,4,0,0,1
Edward,1,0,0,0,0,110,1,0,0,1
Alphonse,1,0,0,0,0,121,1,0,0,1
Alchemy,1,1,0,0,0,110,1,0,0,0
Equivalent Exchange,1,1,0,0,0,121,2,0,0,0
Stone,1,1,0,0,0,110,1,0,0,0
Equivalent Exchange,1,1,0,0,0,121,2,0,0,0
Stone,1,1,0,0,0,110,1,0,0,0
MAL,0,1,0,0,0,121,1,1,0,0
affix 's,0,1,1,0,0,121,2,0,2,0
Makoto Konno,1,1,0,0,0,121,2,0,0,1
Makoto,1,0,0,0,0,121,1,0,0,1
Toki,1,1,1,0,0,121,1,0,0,1
Kakeru Shoujo,1,0,0,0,0,121,2,0,0,1
Makoto,1,0,0,0,0,121,1,0,0,1
MAL,0,1,0,0,0,121,1,1,0,0
hard way,0,1,0,0,0,121,2,0,2,0
Kazuma Satou,1,0,0,0,0,121,2,0,0,1
Aqua,1,0,0,0,0,110,1,0,0,1
Kazuma,1,0,0,0,0,121,1,0,0,1
Demon King,1,0,0,1,0,121,2,0,0,1
Aqua,1,0,0,0,0,110,1,0,0,1
Kazuma,1,0,0,0,0,121,1,0,0,1
Aqua,1,0,0,0,0,110,1,0,0,1
MAL,0,1,0,0,0,121,1,1,0,0
kind to,0,1,0,0,0,121,2,0,2,0
Shogakukan,1,1,0,0,1,121,1,0,0,1
InuYasha,0,1,1,0,0,121,1,0,0,1
Kagome Higurashi,1,1,0,0,0,121,2,0,0,1
Kagome,1,0,0,0,0,121,1,0,0,1
Kagome,1,0,0,0,0,121,1,0,0,1
Inuyasha,1,0,1,0,0,121,1,0,0,1
Kagome,1,0,0,0,0,121,1,0,0,1
Inuyasha,1,0,1,0,0,121,1,0,0,1
Shippo,1,1,0,0,0,121,1,0,0,1
Miroku,1,1,0,0,0,121,1,0,0,1
Sango,1,1,0,0,0,110,1,0,0,1
Japan,1,0,0,0,0,110,1,0,0,0
Shikon Jewel,1,1,0,0,1,121,2,0,0,0
Japan,1,0,0,0,0,110,1,0,0,0
MAL,0,1,0,0,0,121,1,1,0,0
in the,0,1,0,0,0,121,2,0,2,0
Japan,1,1,0,0,0,110,1,0,0,1
Tatsuo Kusakabe,1,1,0,0,0,121,2,0,0,1
Satsuki,1,1,0,0,0,121,1,0,0,1
Mei,1,0,0,0,0,110,1,0,0,1
Mei,1,0,0,0,0,110,1,0,0,1
Totoro,1,1,1,0,0,121,1,0,0,1
Satsuki,1,1,0,0,0,121,1,0,0,1
Totoro,1,1,1,0,0,121,1,0,0,1
MAL,0,1,0,0,0,121,1,1,0,0
finds —a,0,1,0,0,0,121,2,0,2,0
Lucy Heartfilia,1,1,1,0,0,121,2,0,0,1
Gold Keys,1,1,0,0,0,121,2,0,0,1
Natsu Dragneel,1,1,0,0,0,121,2,0,0,1
Fairy Tail,1,1,0,0,0,121,2,0,0,1
Earth-land has,0,1,0,0,0,121,2,0,1,0
Momonga,1,1,0,0,0,121,1,0,0,1
Ainz Ooal Gown,1,1,0,0,0,121,3,0,0,1
Momonga,1,1,0,0,0,121,1,0,0,1
Momonga,1,1,0,0,0,121,1,0,0,1
Yggdrasil,1,0,0,0,0,110,1,0,0,0
MAL,0,1,0,0,0,121,1,1,0,0
game has,0,1,0,0,0,121,2,0,2,0
Youji Itami,1,1,0,0,0,121,2,0,0,1
Youji,1,1,0,0,0,121,1,0,0,1
Youji,1,1,0,0,0,121,1,0,0,1
Japan Self-Defense Forces,1,1,0,0,0,121,3,0,0,0
JSDF,0,0,0,0,1,121,1,1,0,0
Ginza,1,1,0,0,0,121,1,0,0,0
Tokyo,1,1,1,0,0,110,1,0,0,0
JSDF,0,0,0,0,1,121,1,1,0,0
JSDF,0,0,0,0,1,121,1,1,0,0
MAL,0,1,0,0,0,121,1,1,0,0
being referred,0,1,0,0,0,121,2,0,2,0
Al-Thamen,1,1,0,0,0,121,1,0,0,1
Aladdin,1,0,0,0,0,110,1,0,0,1
Hakuryuu,1,1,0,0,0,121,1,0,0,1
Kougyoku,1,0,0,0,0,121,1,0,0,1
Aladdin,1,0,0,0,0,110,1,0,0,1
Aladdin,1,0,0,0,0,110,1,0,0,1
Alibaba,1,1,0,0,0,121,1,0,0,1
Morgiana,1,0,0,0,0,121,1,0,0,1
Sindria,1,1,0,0,0,121,1,0,0,0
Kou Empire,1,1,0,0,1,121,2,0,0,0
Magnostadt,1,1,0,0,0,121,1,0,0,0
Kingdom,1,0,0,1,1,110,1,0,0,0
Magic,1,0,0,0,0,110,1,0,0,0
MAL,0,1,0,0,0,121,1,1,0,0
pursuit of,0,1,0,0,0,121,2,0,2,0
Renton< Thurston,1,1,0,0,0,121,2,0,0,1
Gekkostate,1,0,0,0,1,121,1,0,0,1
Renton,1,0,0,0,0,121,1,0,0,1
Renton,1,0,0,0,0,121,1,0,0,1
Eureka,1,0,0,0,0,110,1,0,0,1
Gekkostate,1,0,0,0,1,121,1,0,0,1
Renton,1,0,0,0,0,121,1,0,0,1
Gekkostate,1,0,0,0,1,121,1,0,0,1
Eureka,1,0,0,0,0,110,1,0,0,1
Bellforest,1,0,0,0,0,121,1,0,0,0
Trapar,1,0,0,0,1,121,1,0,0,0
Trapar,1,0,0,0,1,121,1,0,0,0
Nirvash,1,1,0,0,1,121,1,0,0,0
Nirvash,1,1,0,0,1,121,1,0,0,0
Nirvash,1,1,0,0,1,121,1,0,0,0
MAL,0,1,0,0,0,121,1,1,0,0
he takes,0,1,0,0,0,121,2,0,2,0
Tristain,1,1,0,0,0,121,1,0,0,1
Louise,1,1,0,0,0,121,1,0,0,1
Saito,1,0,0,0,0,121,1,0,0,1
Queen Henrietta,1,0,1,1,0,121,2,0,0,1
Crown,1,1,0,0,1,110,1,0,0,1
Louise,1,1,0,0,0,121,1,0,0,1
Saito,1,0,0,0,0,121,1,0,0,1
Louise,1,1,0,0,0,121,1,0,0,1
Zero,1,1,0,0,1,110,1,0,0,1
Kingdom,1,1,0,1,1,110,1,0,0,0
Albion,1,1,0,0,0,110,1,0,0,0
Kingdom,1,1,0,1,1,110,1,0,0,0
MAL,0,1,0,0,0,121,1,1,0,0
newfound aptitude,0,1,0,0,0,121,2,0,2,0
Sora,1,0,0,0,0,121,1,0,0,1
Shiro,1,0,0,0,0,121,1,0,0,1
Tet,1,1,0,0,0,110,1,0,0,1
Sora,1,0,0,0,0,121,1,0,0,1
Shiro,1,0,0,0,0,121,1,0,0,1
Sora,1,0,0,0,0,121,1,0,0,1
Shiro,1,0,0,0,0,121,1,0,0,1
Disboard,1,1,0,0,0,121,1,0,0,1
Tet,1,1,0,0,0,110,1,0,0,1
No Life,1,0,0,0,0,121,2,0,0,0
They view,0,1,1,0,0,121,2,0,1,0
God,1,0,0,0,1,110,1,0,0,0
Disboard,1,1,0,0,0,121,1,0,0,0
This system,0,1,0,0,0,121,2,0,1,0
In this strange,0,1,1,0,0,121,3,0,2,0
MAL,0,1,0,0,0,121,1,1,0,0
is reduced,0,1,0,0,0,121,2,0,2,0
Himuro Genma,1,0,0,0,0,121,2,0,0,1
Dark's,0,0,1,0,1,121,1,0,0,1
Kibagami Jubei,1,1,0,0,0,121,2,0,0,1
Shigure,1,1,0,0,0,121,1,0,0,1
Jubei,1,0,0,0,0,121,1,0,0,1
Dragon Jewel,1,1,0,0,1,121,2,0,0,1
Shigure,1,1,0,0,0,121,1,0,0,1
Dakuan,1,0,0,0,0,121,1,0,0,1
Tsubute,1,1,0,0,0,121,1,0,0,1
Shigure,1,1,0,0,0,121,1,0,0,1
Dakuan,1,0,0,0,0,121,1,0,0,1
Jubei,1,0,0,0,0,121,1,0,0,1
Fourteen,1,1,0,0,0,110,1,0,0,0
During,1,1,0,0,0,121,1,0,0,0
Meanwhile,1,1,0,0,0,110,1,0,0,0
Yagyu,1,1,0,0,0,121,1,0,0,0
demon clans,0,0,0,0,0,121,2,0,2,0
Priestess of Light,0,1,0,0,1,121,3,0,1,0
the Shogun,0,1,0,0,0,121,2,0,1,0
Alfred Izuruha,1,1,0,0,0,121,2,0,0,1
Christina,1,1,0,0,0,121,1,0,0,1
Alfred,1,0,0,0,0,110,1,0,0,1
Alfred,1,0,0,0,0,110,1,0,0,1
Bernie,1,0,0,0,0,121,1,0,0,1
Side,1,0,0,0,0,110,1,0,0,0
Earth Federation,1,0,0,0,1,121,2,0,0,0
Principality of Zeon,0,1,0,0,1,121,3,0,1,0
Unbeknownst,1,1,0,0,0,115,1,0,0,0
Earth Federation,1,0,0,0,1,121,2,0,0,0
Zeon Special Forces,1,0,0,0,0,121,3,0,0,0
When,1,1,1,0,0,121,1,0,0,0
Federation,1,0,0,0,1,110,1,0,0,0
Zeon forces,0,1,0,0,0,121,2,0,1,0
Zaku mobile,0,0,0,0,0,121,2,0,1,0
Zeon,1,0,0,0,0,121,1,0,0,0
Bernard "Bernie",1,1,0,0,0,121,2,0,0,0
Wiseman,1,1,0,0,0,121,1,0,0,0
After,1,1,1,0,0,115,1,0,0,0
Written,1,1,0,0,0,118,1,0,0,0
MAL,0,1,0,0,0,121,1,1,0,0
Rewrite,1,1,0,0,0,110,1,0,0,0
is assembled,0,1,0,0,0,121,2,0,2,0
Leopard,1,1,0,0,0,110,1,0,0,1
Dorothy,1,1,0,0,0,121,1,0,0,1
Voltkatze,1,1,0,0,0,121,1,0,0,1
Elephantus,1,0,0,0,0,121,1,0,0,1
Doronbow Gang,1,1,0,0,0,121,2,0,0,1
Doronjo,1,1,0,0,0,121,1,0,0,1
Boyacky,1,1,0,0,0,121,1,0,0,1
Tonzura,1,0,1,0,0,121,1,0,0,1
Dorothy,1,1,0,0,0,121,1,0,0,1
Voltkatze,1,1,0,0,0,121,1,0,0,1
Elephantus,1,0,0,0,0,121,1,0,0,1
Leopard,1,1,0,0,0,110,1,0,0,1
Several,1,1,0,0,0,115,1,0,0,0
Yatterman,1,1,0,0,0,121,1,0,0,0
Yatter Kingdom,1,1,0,1,0,121,2,0,0,0
She,1,1,1,0,0,121,1,0,0,0
It,1,1,0,0,0,110,1,0,0,0
Yatterman's Kingdom,0,1,1,1,0,121,2,0,0,0
At first,0,1,0,0,0,121,2,0,1,0
but new,0,1,0,0,0,121,2,0,2,0
Tyson,1,1,0,0,0,110,1,0,0,1
Max,1,1,0,0,0,110,1,0,0,1
Ray,1,1,0,0,0,110,1,0,0,1
Kai,1,1,0,0,0,121,1,0,0,1
Daichi,1,1,0,0,0,121,1,0,0,1
Boris,1,1,0,0,0,121,1,0,0,1
After,1,1,1,0,0,115,1,0,0,0
BitBeasts,0,0,0,0,0,121,1,0,0,0
Their,1,1,1,0,0,121,1,0,0,0
Bladebreaker,1,0,0,0,0,121,1,0,0,0
Beyblader,1,1,0,0,0,121,1,0,0,0
But,1,1,0,0,0,114,1,0,0,0
BBA,0,0,0,0,1,121,1,1,0,0
BEGA,0,1,0,0,0,121,1,1,0,0
Beyblade,1,1,0,0,1,121,1,0,0,0
Entertainment,1,1,0,0,0,110,1,0,0,0
Global,1,1,0,0,0,115,1,0,0,0
Association,1,1,0,0,0,110,1,0,0,0
To,1,1,1,0,0,121,1,0,0,0
Beybladers,1,0,0,0,0,121,1,0,0,0
BEGA's,0,1,1,0,0,121,1,0,0,0
Bladebreakers,1,0,0,0,1,121,1,0,0,0
Source,1,1,0,0,0,110,1,0,0,0
ANN,0,1,0,0,0,121,1,1,0,0
out of,0,1,0,0,0,121,2,0,2,0
Pikachu,1,1,0,0,0,121,1,0,0,1
Pichu,1,0,0,0,1,121,1,0,0,0
Ash's Pokemon,0,1,1,0,0,121,2,0,0,0
the city,0,1,0,0,0,121,2,0,2,0
Genki,1,1,0,0,0,121,1,0,0,1
Rancher,1,1,0,0,0,110,1,0,0,1
Holly,1,0,0,0,0,110,1,0,0,1
Mochi,1,1,0,0,0,121,1,0,0,1
Suezo,1,1,0,0,0,121,1,0,0,1
Golem,1,1,0,0,0,110,1,0,0,1
Tiger,1,1,0,0,0,110,1,0,0,1
Hare,1,1,0,0,0,110,1,0,0,1
Phoenix,1,1,0,0,1,110,1,0,0,1
Moo,1,1,0,0,0,110,1,0,0,1
One,1,1,0,0,0,110,1,0,0,0
Monster,1,1,0,0,0,110,1,0,0,0
Together,1,1,1,0,0,115,1,0,0,0
they,0,1,0,0,0,121,1,0,1,0
evil,0,1,0,0,1,110,1,0,1,0
and meets,0,1,0,0,0,121,2,0,2,0
This,1,1,0,0,0,121,1,0,0,0
Naruto,1,1,0,0,0,121,1,0,0,0
This,1,1,0,0,0,121,1,0,0,0
Team,1,1,0,0,0,110,1,0,0,0
Kakashi,1,1,0,0,0,121,1,0,0,0
Naruto,1,1,0,0,0,121,1,0,0,0
It,1,1,0,0,0,110,1,0,0,0
TV,0,1,0,0,1,110,1,1,0,0
youth era,0,1,0,0,0,121,2,0,2,0
A,1,1,0,0,0,110,1,1,0,0
TV,0,1,0,0,1,110,1,1,0,0
movie adaptation,0,1,0,0,0,121,2,0,2,0
Kogoro,1,1,0,0,0,121,1,0,0,1
Conan,1,0,0,0,0,121,1,0,0,1
Ran,1,0,0,0,0,118,1,0,0,1
Conan,1,0,0,0,0,121,1,0,0,1
Kudo Shinichi,1,1,0,0,0,121,2,0,0,1
Hattori Heiji,1,1,1,0,0,121,2,0,0,1
Kaito Kid,1,0,0,0,0,121,2,0,0,1
Ran,1,0,0,0,0,118,1,0,0,1
Yokohama,1,0,0,0,0,110,1,0,0,0
But,1,1,0,0,0,114,1,0,0,0
Detective,1,1,0,0,1,110,1,0,0,0
Boys,1,1,0,0,0,110,1,0,0,0
If,1,1,0,0,0,121,1,0,0,0
Furthermore,1,1,0,0,0,114,1,0,0,0
High School Detective,1,0,0,0,1,121,3,0,0,0
West,1,1,0,0,1,110,1,0,0,0
Will,1,1,0,0,0,110,1,0,0,0
And,1,1,0,0,0,121,1,0,0,0
Source,1,1,0,0,0,110,1,0,0,0
AniDB,0,1,0,0,0,121,1,0,0,0
to solve,0,1,0,0,0,121,2,0,2,0
Griffith,1,1,0,0,0,110,1,0,0,1
White Hawk,1,1,0,0,0,121,2,0,0,1
Griffith,1,1,0,0,0,110,1,0,0,1
Midland,1,0,0,0,0,110,1,0,0,0
Berserk,1,1,0,0,0,110,1,0,0,0
MAL,0,1,0,0,0,121,1,1,0,0
of mercenaries,0,1,0,0,0,121,2,0,2,0
Mouri Kogoro,1,1,0,0,0,121,2,0,0,1
Conan,1,1,0,0,0,121,1,0,0,1
Heiji,1,0,1,0,0,121,1,0,0,1
Heiji,1,0,1,0,0,121,1,0,0,1
Kyoto,1,1,0,0,0,110,1,0,0,0
There,1,1,1,0,0,110,1,0,0,0
Healing Buddha,1,1,1,0,0,121,2,0,0,0
statue,0,1,0,0,0,110,1,0,1,0
love,0,1,0,0,0,110,1,0,1,0
.

(Source: ANN)
,0,1,0,0,0,121,2,1,0,0
's first,0,1,1,0,0,121,2,0,2,0
The,1,1,1,0,0,121,1,0,0,0
Hand Island,1,0,0,0,1,121,2,0,0,0
Bouken,1,0,0,0,0,121,1,0,0,0
One Piece,1,1,0,0,0,121,2,0,0,0
Film Z,1,1,0,0,0,121,2,1,0,0
Hand Island,1,0,0,0,1,121,2,0,0,0
New World,1,1,0,0,1,121,2,0,0,0
The,1,1,1,0,0,121,1,0,0,0
Cannon Town,1,1,1,0,0,121,2,0,0,0
The,1,1,1,0,0,121,1,0,0,0
marine base,0,1,0,0,0,121,2,0,2,0
The,1,1,1,0,0,121,1,0,0,0
flashback,0,0,0,0,0,110,1,0,1,0
manga,0,1,0,0,1,121,1,0,1,0
animation,0,1,0,0,0,110,1,0,1,0
new Source,0,1,0,0,0,121,2,0,1,0
Claudette,1,1,0,0,0,121,1,0,0,1
Power,1,1,0,0,0,110,1,0,0,0
Queen,1,1,0,1,0,110,1,0,0,0
warriors,0,0,0,0,0,110,1,0,1,0
armor,0,0,0,0,0,110,1,0,1,0
rebellion,0,1,0,0,0,110,1,0,1,0
The,1,1,1,0,0,121,1,0,0,0
Amazonian,1,0,0,0,1,121,1,0,0,0
assassins,0,1,0,0,0,110,1,0,1,0
But,1,1,0,0,0,114,1,0,0,0
damsels,0,0,0,0,0,110,1,0,1,0
skins,0,0,0,0,0,110,1,0,1,0
support,0,1,0,0,0,110,1,0,1,0
Source,1,1,0,0,0,110,1,0,0,0
Sentai,1,1,0,0,0,121,1,0,0,0
Filmworks,1,1,0,0,0,121,1,0,0,0
to the,0,1,0,0,0,121,2,0,2,0
Seiya,1,1,0,0,0,121,1,0,0,1
Hades,1,0,0,0,0,110,1,0,0,1
Bronze,1,0,0,0,1,110,1,0,0,0
Gold,1,1,0,0,0,110,1,0,0,0
Saints,1,1,0,0,0,110,1,0,0,0
Sanctuary,1,1,0,0,1,110,1,0,0,0
battle,0,1,0,0,0,110,1,0,1,0
Dead,1,1,0,0,1,110,1,0,0,0
They,1,1,1,0,0,121,1,0,0,0
and,0,1,0,0,0,121,1,0,1,0
Dr. Raichii,1,0,0,0,0,121,2,0,0,1
Saiyajin,1,0,0,0,1,121,1,0,0,1
Saiyajin,1,0,0,0,1,121,1,0,0,1
Goku,1,1,0,0,0,121,1,0,0,1
Vegita,1,1,0,0,0,121,1,0,0,1
Dr. Raichii,1,0,0,0,0,121,2,0,0,1
Tsufurujin,1,1,0,0,0,121,1,0,0,0
years,0,1,0,0,0,110,1,0,1,0
He,1,1,1,0,0,110,1,0,0,0
He,1,1,1,0,0,110,1,0,0,0
destron,0,1,0,0,0,121,1,0,1,0
gas,0,0,0,0,0,110,1,0,1,0
Earth,1,1,0,0,0,110,1,0,0,0
Now,1,1,0,0,0,110,1,0,0,0
Z,1,1,0,0,1,110,1,1,0,0
warriors,0,1,0,0,0,110,1,0,1,0
is,0,1,0,0,0,118,1,0,1,0
Kujo Jotaro,1,1,0,0,0,121,2,0,0,1
Joseph Joestar,1,1,0,0,0,121,2,0,0,1
Joseph,1,0,0,0,0,110,1,0,0,1
Muhammad Abdul,1,1,0,0,0,121,2,0,0,1
Jotaro,1,1,0,0,0,121,1,0,0,1
Jotaro,1,1,0,0,0,121,1,0,0,1
Dio Brando,1,1,0,0,0,121,2,0,0,1
Jotaro,1,1,0,0,0,121,1,0,0,1
Joseph,1,0,0,0,0,110,1,0,0,1
Abdul,1,0,0,0,0,121,1,0,0,1
Dio,1,0,0,0,0,121,1,0,0,1
Japanese,1,1,0,0,0,110,1,0,0,0
high-schooler,0,1,0,0,0,121,1,0,1,0
spirit,0,1,0,0,0,110,1,0,1,0
prison,0,1,0,0,0,110,1,0,1,0
After,1,1,1,0,0,115,1,0,0,0
grandfather,0,1,0,0,0,110,1,0,1,0
Spirit,1,1,0,0,0,110,1,0,0,0
Star,1,1,0,0,0,110,1,0,0,0
Platinum,1,1,0,0,0,110,1,0,0,0
Stand,1,1,0,0,0,110,1,0,0,0
semi-solid,0,1,0,0,0,121,1,0,1,0
form,0,1,0,0,0,110,1,0,1,0
Later,1,1,0,0,0,115,1,0,0,0
Stand,1,1,0,0,0,110,1,0,0,0
vampire,0,1,0,0,1,110,1,0,1,0
Jonathan Joestar,1,1,0,0,0,121,2,0,0,0
Jotaro,1,1,0,0,0,121,1,0,0,0
great-great-grandfather,0,1,0,0,0,121,1,0,1,0
Egypt,1,0,0,0,0,110,1,0,0,0
defeat once,0,1,0,0,0,121,2,0,2,0
Unaired,1,1,0,0,0,115,1,0,0,0
anime-original,0,1,0,0,0,121,1,0,1,0
OVA,0,1,0,0,0,110,1,1,0,0
Chaika,1,1,0,0,0,121,1,0,0,0
novel,0,1,0,0,0,110,1,0,1,0
bundled with,0,1,0,0,0,121,2,0,2,0
Chiko,1,0,0,0,0,121,1,0,0,1
Mikamo,1,0,0,0,1,121,1,0,0,1
Mikamo,1,0,0,0,1,121,1,0,0,1
Chiko,1,0,0,0,0,121,1,0,0,1
Nijuu Mensou,1,1,0,0,1,121,2,0,0,1
daughter,0,0,0,0,1,110,1,0,1,0
aunt,0,0,0,0,0,110,1,0,1,0
uncle,0,0,0,0,0,110,1,0,1,0
Because,1,1,0,0,0,121,1,0,0,0
food,0,1,0,0,0,110,1,0,1,0
One,1,1,0,0,0,110,1,0,0,0
Faces,1,1,0,0,0,110,1,0,0,0
clan,0,1,0,0,0,110,1,0,1,0
ZOMG,0,1,0,0,0,121,1,1,0,0
20 and,0,1,0,0,0,121,2,0,1,0
No,1,1,0,0,0,110,1,0,0,0
synopsis,0,1,0,0,0,110,1,0,1,0
yet,0,1,0,0,0,114,1,0,1,0
Dark Schneider,1,0,0,0,0,121,2,0,0,1
Gara,1,1,0,0,0,121,1,0,0,1
Arshes Nei,1,1,0,0,0,121,2,0,0,1
Abigail,1,1,0,0,0,121,1,0,0,1
Kall Su,1,0,0,0,0,121,2,0,0,1
Dark Schneider,1,0,0,0,0,121,2,0,0,1
Dark Schneider,1,0,0,0,0,121,2,0,0,1
Dark Schneider,1,0,0,0,0,121,2,0,0,1
Dark Schneider,1,0,0,0,0,121,2,0,0,1
Luche Len Len,1,1,0,0,0,121,3,0,0,1
The,1,1,1,0,0,121,1,0,0,0
characters,0,1,0,0,0,110,1,0,1,0
Bastard,1,1,0,0,0,110,1,0,0,0
technology,0,0,0,0,0,110,1,0,1,0
arts,0,1,0,0,0,110,1,0,1,0
The,1,1,1,0,0,121,1,0,0,0
magicians,0,0,0,0,1,110,1,0,1,0
God,1,0,0,0,0,110,1,0,0,0
chaos,0,1,0,0,0,110,1,0,1,0
Driven,1,1,0,0,0,118,1,0,0,0
kingdoms,0,0,0,0,0,110,1,0,1,0
utopias,0,1,0,0,0,110,1,0,1,0
magicians,0,0,0,0,1,110,1,0,1,0
agenda,0,0,0,0,0,110,1,0,1,0
However,1,1,0,0,0,114,1,0,0,0
reckless,0,0,0,0,0,115,1,0,1,0
temper,0,0,0,0,0,110,1,0,1,0
havoc,0,0,0,0,0,110,1,0,1,0
clerics,0,0,0,0,0,110,1,0,1,0
leader,0,1,0,0,0,110,1,0,1,0
Fifteen,1,1,0,0,0,110,1,0,0,0
motives,0,0,0,0,0,110,1,0,1,0
domination,0,1,0,0,0,110,1,0,1,0
comrades,0,1,0,0,0,110,1,0,1,0
It,1,1,0,0,0,110,1,0,0,0
companions,0,0,0,0,0,110,1,0,1,0
path,0,1,0,0,0,110,1,0,1,0
imprisonment,0,0,0,0,0,110,1,0,1,0
AniDB,0,1,0,0,0,121,1,0,0,0
his former,0,1,0,0,0,121,2,0,2,0
Satoshi,1,0,0,0,0,121,1,0,0,1
Pikachu,1,0,0,0,0,121,1,0,0,1
Satoshi,1,0,0,0,0,121,1,0,0,1
Pikachu,1,0,0,0,0,121,1,0,0,1
Kasumi,1,1,0,0,0,121,1,0,0,1
Takeshi,1,1,0,0,0,121,1,0,0,1
Satoshi,1,0,0,0,0,121,1,0,0,1
Pokemon,1,1,0,0,0,121,1,0,0,0
Young,1,1,0,0,0,110,1,0,0,0
Pokemon Master,1,1,0,1,0,121,2,0,0,0
Electric,1,0,0,0,0,110,1,0,0,0
Rock,1,0,0,0,0,110,1,0,0,0
Rocket,1,0,0,0,0,110,1,0,0,0
Gym Badges,1,1,0,0,0,121,2,0,0,0
Pokemon League,1,1,0,0,1,121,2,0,0,0
MAL,0,1,0,0,0,121,1,1,0,0
trainers have,0,1,0,0,0,121,2,0,2,0
A,1,1,0,0,0,110,1,1,0,0
2-episode,0,1,0,0,0,121,1,0,1,0
OVA,0,1,0,0,0,110,1,1,0,0
Suisei,1,0,0,0,0,121,1,0,0,0
Gargantia,1,1,0,0,0,121,1,0,0,0
 revealed during an announcement at ,0,1,0,0,0,121,7,0,5,0
AnimeJapan,0,1,0,0,0,121,1,0,0,0
Source,1,1,0,0,0,110,1,0,0,0
MAL,0,1,0,0,0,121,1,1,0,0
News,1,1,0,0,0,110,1,0,0,0
for no,0,1,0,0,0,121,2,0,2,0
Daiichi Yachiyo Maru,1,1,0,0,0,121,3,0,0,1
Conan,1,1,0,0,0,121,1,0,0,1
Ran,1,1,0,0,0,118,1,0,0,1
Kogoro,1,0,0,0,0,121,1,0,0,1
trip,0,0,0,0,0,110,1,0,1,1
Aphrodite,1,1,0,0,1,110,1,0,0,1
The Aphrodite,1,1,1,0,0,121,2,0,0,1
Fifteen,1,1,0,0,0,110,1,0,0,0
ship,0,0,0,0,0,110,1,0,1,0
iceberg,0,0,0,0,0,110,1,0,1,0
Pacific Ocean,1,0,0,0,1,121,2,0,0,0
captain,0,0,0,0,1,110,1,0,1,0
crew,0,1,0,0,0,110,1,0,1,0
Now,1,1,0,0,0,110,1,0,0,0
Nishitama,1,1,0,0,0,121,1,0,0,0
ship,0,0,0,0,0,110,1,0,1,0
Yatsushiro Shipbuilder,1,1,0,0,0,121,2,0,0,0
Yatsushiro Financial Combine,1,1,0,0,0,121,3,0,0,0
attack,0,0,0,0,0,110,1,0,1,0
accident,0,1,0,0,0,110,1,0,1,0
Six,1,1,0,0,0,110,1,0,0,0
months,0,1,0,0,0,110,1,0,1,0
liner,0,1,0,0,0,110,1,0,1,0
Pacific Ocean,1,0,0,0,1,121,2,0,0,0
voyage,0,1,0,0,0,110,1,0,1,0
However,1,1,0,0,0,114,1,0,0,0
person,0,1,0,0,0,110,1,0,1,0
murder,0,1,0,0,0,110,1,0,1,0
It's,0,1,1,0,0,121,1,0,0,0
no place,0,0,0,0,0,121,2,0,2,0
Source,1,1,0,0,0,110,1,0,0,0
AnimeNfo,0,1,0,0,0,121,1,0,0,0
as its,0,1,0,0,0,121,2,0,2,0
The,1,1,1,0,0,121,1,0,0,0
Tales,1,0,0,0,0,110,1,0,0,0
Symphonia,1,0,0,0,0,121,1,0,0,0
Tethe'alla,0,1,1,0,0,121,1,0,0,0
This,1,1,0,0,0,121,1,0,0,0
OVA,0,1,0,0,0,110,1,1,0,0
two-thirds,0,0,0,0,0,110,1,0,1,0
game,0,1,0,0,1,110,1,0,1,0
Derris-Kharlan,1,1,0,0,1,121,1,0,0,0
that takes,0,1,0,0,0,121,2,0,2,0
Rezo,1,1,0,0,0,121,1,0,0,1
Lina,1,1,0,0,0,121,1,0,0,1
Zelgadis,1,1,0,0,0,121,1,0,0,1
Zuuma,1,0,0,0,0,121,1,0,0,1
Lina Inverse,1,1,1,0,0,121,2,0,0,1
Xellos,1,0,0,0,0,121,1,0,0,1
To,1,1,1,0,0,121,1,0,0,0
Pokota's,0,0,1,0,0,121,1,0,0,0
Taforashia,1,0,0,0,0,121,1,0,0,0
Hellmaster's,0,1,1,0,1,121,1,0,0,0
jar,0,1,0,0,0,110,1,0,1,0
Red Priest,1,0,0,0,1,121,2,0,0,0
revenge,0,0,0,0,0,110,1,0,1,0
assignment,0,0,0,0,0,110,1,0,1,0
Still,1,1,0,0,0,110,1,0,0,0
mystery,0,0,0,0,0,110,1,0,1,0
battle,0,1,0,0,0,110,1,0,1,0
the others,0,1,0,0,0,121,2,0,2,0
Delaz Fleet,1,1,0,0,1,121,2,0,0,1
Gihren Zabi,1,1,0,0,0,121,2,0,0,1
Anavel Gato,1,1,0,0,0,121,2,0,0,1
Kou Uraki,1,1,0,0,0,121,2,0,0,1
Nina Purpleton,1,0,0,0,0,121,2,0,0,1
U.C.,1,1,0,0,0,121,1,1,0,0
Three,1,1,0,0,0,110,1,0,0,0
catastrophic,0,1,0,0,1,115,1,0,1,0
One,1,1,0,0,0,110,1,0,0,0
Year,1,1,0,0,0,110,1,0,0,0
War,1,1,0,0,0,110,1,0,0,0
Earth,1,0,0,0,0,110,1,0,0,0
colonies,0,0,0,0,1,110,1,0,1,0
presence,0,0,0,0,1,110,1,0,1,0
Zeon,1,0,0,0,0,121,1,0,0,0
The Nightmare,1,1,1,0,0,121,2,0,0,0
Solomon,1,1,0,0,0,110,1,0,0,0
Federation,1,1,0,0,1,110,1,0,0,0
Torrington,1,0,1,0,0,121,1,0,0,0
Australia,1,0,0,0,0,110,1,0,0,0
nuclear-armed,0,1,0,0,0,121,1,0,1,0
 ,0,1,0,0,0,121,2,0,0,0
Gundam,1,0,0,0,0,121,1,0,0,0
 ,0,1,0,0,0,121,2,0,0,0
GP02A,0,1,0,0,0,121,1,1,0,0
Physalis,1,1,0,0,0,110,1,0,0,0
prototype,0,1,0,0,0,110,1,0,1,0
Rookie,1,1,0,0,0,110,1,0,0,0
Anaheim Electronics,1,0,0,0,0,121,2,0,0,0
Albion,1,1,0,0,0,110,1,0,0,0
pilots,0,1,0,0,0,110,1,0,1,0
Gundam GP01,0,1,0,0,1,121,2,1,0,0
Zephyranthes,1,1,0,0,0,121,1,0,0,0
Gundam,1,0,0,0,0,121,1,0,0,0
war,0,0,0,0,0,110,1,0,1,0
ideals of,0,1,0,0,0,121,2,0,2,0
Rolan Cehack,1,0,0,0,0,121,2,0,0,1
Rolan,1,1,0,0,0,121,1,0,0,1
Rolan's,0,1,1,0,0,121,1,0,0,1
It,1,1,0,0,0,110,1,0,0,0
Correct Century,1,1,0,0,1,121,2,0,0,0
conflict,0,0,0,0,0,110,1,0,1,0
Earth,1,0,0,0,1,110,1,0,0,0
remnant,0,0,0,0,0,110,1,0,1,0
humanity,0,0,0,0,0,110,1,0,1,0
Moon,1,0,0,0,1,110,1,0,0,0
Earth,1,0,0,0,1,110,1,0,0,0
survivors,0,1,0,0,0,110,1,0,1,0
For,1,1,0,0,0,121,1,0,0,0
Moonrace,1,0,0,0,1,121,1,0,0,0
Moon,1,0,0,0,1,110,1,0,0,0
Earth,1,0,0,0,1,110,1,0,0,0
resettlement,0,1,0,0,0,110,1,0,1,0
A,1,1,0,0,0,110,1,1,0,0
Earth,1,0,0,0,1,110,1,0,0,0
reconnaissance mission,0,1,0,0,0,121,2,0,2,0
Heim Family,1,1,1,0,1,121,2,0,0,0
aristocrats,0,1,0,0,0,110,1,0,1,0
Victorian-like,0,1,0,0,0,121,1,0,0,0
This,1,1,0,0,0,121,1,0,0,0
ceremony,0,0,0,0,0,110,1,0,1,0
White Doll,1,0,0,0,1,121,2,0,0,0
To,1,1,1,0,0,121,1,0,0,0
Moonrace,1,0,0,0,1,121,1,0,0,0
Earth,1,0,0,0,1,110,1,0,0,0
intent,0,0,0,0,1,110,1,0,1,0
force,0,1,0,0,0,110,1,0,1,0
During,1,1,0,0,0,121,1,0,0,0
attack,0,1,0,0,1,110,1,0,1,0
White Doll,1,0,0,0,1,121,2,0,0,0
mobile suit,0,0,0,0,0,121,2,0,2,0
Turn A Gundam,1,1,1,0,0,121,3,1,0,0
With Rolan,1,1,1,0,0,121,2,0,0,0
cockpit,0,1,0,0,0,110,1,0,1,0
, the ,0,1,0,0,0,121,3,0,1,0
Turn A,1,0,0,0,1,121,2,1,0,0
standoff,0,0,0,0,0,110,1,0,1,0
Earth and Moon,0,1,0,0,0,121,3,0,1,0
The,1,1,1,0,0,121,1,0,0,0
all-out,0,1,0,0,0,115,1,0,1,0
catastrophic war,0,1,0,0,0,121,2,0,2,0
Written,1,1,0,0,0,118,1,0,0,0
MAL,0,1,0,0,0,121,1,1,0,0
Rewrite,1,1,0,0,0,110,1,0,0,0
working for,0,1,0,0,0,121,2,0,2,0
Azali,1,0,0,0,0,121,1,0,0,1
Azali,1,0,0,0,0,121,1,0,0,1
Krilancelo,1,0,0,0,0,121,1,0,0,1
Azali,1,0,0,0,0,121,1,0,0,1
Azali,1,0,0,0,0,121,1,0,0,1
Krilanceloa,1,1,0,0,0,121,1,0,0,1
Azali,1,0,0,0,0,121,1,0,0,1
Krilancelo,1,0,0,0,0,121,1,0,0,1
Six,1,1,0,0,0,110,1,0,0,0
school,0,0,0,0,0,110,1,0,1,0
Tower of Fang,0,0,1,0,1,121,3,0,1,0
Baltanders,1,0,0,0,0,121,1,0,0,0
Unable,1,1,0,0,0,97,1,0,0,0
power,0,1,0,0,0,110,1,0,1,0
dragon,0,0,0,0,0,110,1,0,1,0
Bloody August,1,1,0,0,0,121,2,0,0,0
magician,0,0,0,0,0,110,1,0,1,0
Tower,1,0,1,0,1,110,1,0,0,0
elders,0,0,0,0,1,110,1,0,1,0
Tower of Fang,0,0,1,0,1,121,3,0,1,0
accident,0,0,0,0,1,110,1,0,1,0
former self,0,1,0,0,0,121,2,0,2,0
Thus,1,1,0,0,0,110,1,0,0,0
Orphen,1,1,0,0,0,121,1,0,0,0
Tower,1,0,1,0,1,110,1,0,0,0
studies,0,0,0,0,0,110,1,0,1,0
world,0,1,0,0,1,110,1,0,1,0
years,0,1,0,0,0,110,1,0,1,0
Genom,1,1,0,0,0,121,1,0,0,1
Lina Yamazaki,1,1,0,0,0,121,2,0,0,1
After,1,1,1,0,0,115,1,0,0,0
eathquake,0,0,0,0,0,121,1,0,1,0
Tokyo,1,0,1,0,0,110,1,0,0,0
influence,0,0,0,0,0,110,1,0,1,0
Boomers,1,0,0,0,0,110,1,0,0,0
labor,0,0,0,0,0,110,1,0,1,0
humanity,0,1,0,0,0,110,1,0,1,0
However,1,1,0,0,0,114,1,0,0,0
amok,0,1,0,0,0,115,1,0,1,0
AD Police,0,0,0,0,0,121,2,1,0,0
Tokyo,1,0,1,0,0,110,1,0,0,0
employment,0,0,0,0,0,110,1,0,1,0
vigilante,0,0,0,0,0,110,1,0,1,0
Knight Sabers,1,1,0,0,1,121,2,0,0,0
suits,0,0,0,0,0,110,1,0,1,0
Boomers,1,0,0,0,0,110,1,0,0,0
to some,0,1,0,0,0,121,2,0,2,0
Satoshi,1,0,0,0,0,121,1,0,0,1
Iris,1,1,0,0,0,110,1,0,0,1
Dent,1,1,0,0,0,110,1,0,0,1
Homika,1,0,0,0,0,121,1,0,0,1
Shirona,1,1,0,0,0,121,1,0,0,1
Hikari,1,0,0,0,0,121,1,0,0,1
Satoshi,1,0,0,0,0,121,1,0,0,1
Meloetta,1,1,0,0,0,121,1,0,0,1
travels,0,0,0,0,0,110,1,0,1,0
Isshu,1,1,0,0,1,121,1,0,0,0
After,1,1,1,0,0,115,1,0,0,0
Gym Badge,1,0,0,0,0,121,2,0,0,0
Tachiwaki City,1,1,0,0,0,121,2,0,0,0
villa,0,0,0,0,0,110,1,0,1,0
East Isshu,1,1,0,0,0,121,2,0,0,0
Pokemon World Tournament Junior Cup,1,0,1,0,1,121,5,0,0,0
Unova League,1,1,0,0,1,121,2,0,0,0
Team Rocket,1,1,0,0,0,121,2,0,0,0
Isshu,1,1,0,0,1,121,1,0,0,0
region-what,0,1,0,0,0,121,1,0,1,0
desire,0,0,0,0,0,110,1,0,1,0
Pokémon,0,1,0,0,0,121,1,0,0,0
plan for,0,1,0,0,0,121,2,0,2,0
Leicester Maycraft,1,1,0,0,0,121,2,0,0,1
The,1,1,1,0,0,121,1,0,0,0
story,0,1,0,0,0,110,1,0,1,0
Ert'Aria,1,1,1,0,0,121,1,0,0,0
item,0,1,0,0,0,110,1,0,1,0
engineer,0,1,0,0,0,110,1,0,1,0
adventurer,0,0,0,0,0,110,1,0,1,0
Oasis,1,1,0,0,0,110,1,0,0,0
One,1,1,0,0,0,110,1,0,0,0
friends,0,0,0,0,0,110,1,0,1,0
meteor,0,0,0,0,0,110,1,0,1,0
rooftop,0,0,0,0,1,110,1,0,1,0
One,1,1,0,0,0,110,1,0,0,0
meteor,0,0,0,0,0,110,1,0,1,0
steeple,0,0,0,0,1,110,1,0,1,0
chapel,0,1,0,0,1,110,1,0,1,0
There,1,1,1,0,0,110,1,0,0,0
sleeping girl,0,1,0,0,0,121,2,0,2,0
The,1,1,1,0,0,121,1,0,0,0
You,1,1,0,0,0,121,1,0,0,0
The,1,1,1,0,0,121,1,0,0,0
Leicester,1,1,0,0,0,110,1,0,0,0
guild night,0,1,0,0,0,121,2,0,2,0
Oz Vessalius,1,1,0,0,0,121,2,0,0,1
Oz,1,0,0,0,0,121,1,0,0,1
Baskerville Clan,1,0,0,0,0,121,2,0,0,1
Abyss,1,0,0,0,1,110,1,0,0,1
Abyss,1,0,0,0,1,110,1,0,0,1
Chain,1,0,0,0,0,110,1,0,0,1
Oz,1,0,0,0,0,121,1,0,0,1
Chain,1,0,0,0,0,110,1,0,0,1
Alice,1,1,0,0,0,121,1,0,0,1
Pandora,1,1,0,0,0,110,1,0,0,1
Oz,1,0,0,0,0,121,1,0,0,1
Vessalius Duke House,1,1,0,0,1,121,3,0,0,0
Abyss,1,0,0,0,1,110,1,0,0,0
Vessalius,1,0,0,0,1,121,1,0,0,0
Pandora Hearts,1,1,1,0,0,121,2,0,0,0
Bloodstained Black Rabbit,1,1,0,0,0,121,3,0,0,0
MAL,0,1,0,0,0,121,1,1,0,0
begins to,0,1,0,0,0,121,2,0,2,0
Due,1,1,0,0,0,110,1,0,0,0
Cowboy Bebop,1,0,0,0,1,121,2,0,0,0
Japanese,1,1,0,0,0,110,1,0,0,0
series,0,0,0,0,1,110,1,0,1,0
episode,0,0,0,0,0,110,1,0,1,0
Called,1,1,0,0,0,118,1,0,0,0
Session XX,0,1,0,0,0,121,2,1,0,0
Mish-Mash Blues,1,1,0,0,0,121,2,0,0,0
TV,0,1,0,0,0,110,1,1,0,0
Tokyo,1,1,1,0,0,110,1,0,0,0
The,1,1,1,0,0,121,1,0,0,0
DVD,0,1,0,0,0,110,1,1,0,0
In,1,1,1,0,0,110,1,0,0,0
commentary,0,0,0,0,0,110,1,0,1,0
words,0,1,0,0,1,110,1,0,1,0
This,1,1,0,0,0,121,1,0,0,0
Is,1,1,0,0,0,118,1,0,0,0
Not,1,1,0,0,0,114,1,0,0,0
The End,1,1,1,0,0,121,2,0,0,0
You,1,1,0,0,0,121,1,0,0,0
Will,1,1,0,0,0,110,1,0,0,0
See,1,1,0,0,0,110,1,0,0,0
The Real,1,1,1,0,0,121,2,0,0,0
Cowboy Bebop,1,0,0,0,1,121,2,0,0,0
Someday,1,1,0,0,0,114,1,0,0,0
AniDB,0,1,0,0,0,121,1,0,0,0
! Source,1,1,0,0,0,121,2,0,0,0
Straw Hats,1,1,0,0,0,121,2,0,0,1
The,1,1,1,0,0,121,1,0,0,0
whirlpool,0,1,0,0,0,110,1,0,1,0
Ocean's Navel,0,1,1,0,1,121,2,0,0,0
giant monsters,0,1,0,0,0,121,2,0,2,0
These,1,1,1,0,0,121,1,0,0,0
guardians,0,1,0,0,0,110,1,0,1,0
crew,0,0,0,0,1,110,1,0,1,0
Episode,1,1,0,0,0,110,1,0,0,0
Wikipedia,1,1,0,0,0,121,1,0,0,0
middle of,0,1,0,0,0,121,2,0,2,0
Hyper Hurricanes,1,1,0,0,0,121,2,0,0,1
Katsuragi Jo,1,1,0,0,0,121,2,0,0,1
Tsurasawa Jin,1,1,0,0,0,121,2,0,0,1
Nobuto Sana,1,1,0,0,0,121,2,0,0,1
In,1,1,1,0,0,110,1,0,0,0
2010 AD,0,1,0,0,0,121,2,1,0,0
damage,0,1,0,0,0,110,1,0,1,0
Five,1,1,0,0,0,110,1,0,0,0
Existing,1,1,0,0,0,118,1,0,0,0
Countries,1,1,0,0,0,110,1,0,0,0
seas,0,1,0,0,0,110,1,0,1,0
the world,0,1,0,0,0,121,2,0,2,0
Human,1,1,0,0,0,110,1,0,0,0
Poverty,1,1,0,0,0,110,1,0,0,0
zones,0,0,0,0,0,110,1,0,1,0
The,1,1,1,0,0,121,1,0,0,0
Logos,1,0,0,0,1,110,1,0,0,0
They,1,1,1,0,0,121,1,0,0,0
Revenus,1,0,0,0,0,121,1,0,0,0
areas,0,1,0,0,0,110,1,0,1,0
Time,1,1,0,0,0,110,1,0,0,0
Phantom,1,1,0,0,0,110,1,0,0,0
Revenus,1,0,0,0,0,121,1,0,0,0
elements,0,0,0,0,0,110,1,0,1,0
Logos,1,0,0,0,1,110,1,0,0,0
mysterious girl,0,1,0,0,0,121,2,0,2,0
There,1,1,1,0,0,110,1,0,0,0
and military,0,1,0,0,0,121,2,0,2,0
Yuuri,1,0,0,0,0,121,1,0,0,1
Shinou,1,0,0,0,0,121,1,0,0,1
Shinou,1,0,0,0,0,121,1,0,0,1
Yuuri,1,0,0,0,0,121,1,0,0,1
Murata,1,0,0,0,0,121,1,0,0,1
Shinou,1,0,0,0,0,121,1,0,0,1
Yuuri,1,0,0,0,0,121,1,0,0,1
Yuuri,1,0,0,0,0,121,1,0,0,1
Yuuri,1,0,0,0,0,121,1,0,0,1
At,1,1,0,0,0,110,1,0,0,0
Shin Makoku,1,1,0,0,1,121,2,0,0,0
However,1,1,0,0,0,114,1,0,0,0
Yuuri,1,0,0,0,0,121,1,0,0,0
Shin Makoku,1,1,0,0,1,121,2,0,0,0
After,1,1,1,0,0,115,1,0,0,0
The,1,1,1,0,0,121,1,0,0,0
family,0,0,0,0,0,110,1,0,1,0
Wolfram,1,0,0,0,0,110,1,0,0,0
Maou,1,1,0,0,0,121,1,0,0,0
Maou,1,1,0,0,0,121,1,0,0,0
complications,0,1,0,0,0,110,1,0,1,0
throne,0,1,0,0,1,110,1,0,1,0
In,1,1,1,0,0,110,1,0,0,0
humans,0,0,0,0,0,110,1,0,1,0
Mazoku,1,0,0,0,0,121,1,0,0,0
nobles,0,0,0,0,1,110,1,0,1,0
legitimate Maou,0,1,0,0,1,121,2,0,1,0
no longer,0,1,0,0,0,121,2,0,2,0
Conan,1,1,0,0,0,121,1,0,0,1
Serial,1,1,0,0,0,110,1,0,0,0
murders,0,1,0,0,0,110,1,0,1,0
All,1,1,0,0,0,97,1,0,0,0
victims,0,0,0,0,1,110,1,0,1,0
Music School,1,0,0,0,0,121,2,0,0,0
pianist,0,1,0,0,1,110,1,0,1,0
opening concert,0,0,0,0,0,121,2,0,2,0
Music Hall,1,0,0,0,1,121,2,0,0,0
pianist,0,1,0,0,1,110,1,0,1,0
The biggest,0,1,1,0,0,121,2,0,1,0
violin,0,0,0,0,0,110,1,0,1,0
Stradivarius,1,1,0,0,0,110,1,0,0,0
appearance,0,0,0,0,0,110,1,0,1,0
singer,0,0,0,0,0,110,1,0,1,0
pitch,0,1,0,0,0,110,1,0,1,0
ANN,0,1,0,0,0,121,1,1,0,0
been invited,0,1,0,0,0,121,2,0,2,0
Gaito,1,1,0,0,0,121,1,0,0,1
Sara,1,0,0,0,0,121,1,0,0,1
Caren,1,1,0,0,0,121,1,0,0,1
Noel,1,1,0,0,0,110,1,0,0,1
Coco,1,0,0,0,0,110,1,0,0,1
Lucia,1,0,0,0,0,121,1,0,0,1
Hanon,1,1,0,0,0,121,1,0,0,1
Rina,1,0,0,0,0,121,1,0,0,1
Mitsuki Tarou,1,1,0,0,0,121,2,0,0,1
Doumoto Kaito,1,0,0,0,0,121,2,0,0,1
Lucia,1,0,0,0,0,121,1,0,0,1
Kaito,1,1,0,0,0,121,1,0,0,1
Michel,1,0,0,0,0,121,1,0,0,1
Lucia,1,0,0,0,0,121,1,0,0,1
Sara,1,0,0,0,0,121,1,0,0,1
Seira,1,1,0,0,0,121,1,0,0,1
After,1,1,1,0,0,115,1,0,0,0
battle,0,0,0,0,0,110,1,0,1,0
The,1,1,1,0,0,121,1,0,0,0
princesses,0,1,0,0,0,110,1,0,1,0
While,1,1,0,0,0,110,1,0,0,0
kingdoms,0,1,0,0,0,110,1,0,1,0
After,1,1,1,0,0,115,1,0,0,0
Germany,1,1,0,0,0,110,1,0,0,0
Hawaii,1,1,0,0,0,110,1,0,0,0
things,0,1,0,0,0,110,1,0,1,0
sea,0,1,0,0,0,110,1,0,1,0
Worst,1,1,0,0,0,110,1,0,0,0
angel,0,0,0,0,0,110,1,0,1,0
mermaids,0,0,0,0,1,110,1,0,1,0
But,1,1,0,0,0,114,1,0,0,0
lighter,0,1,0,0,1,110,1,0,1,0
Sara,1,1,0,0,0,121,1,0,0,0
successor,0,1,0,0,0,110,1,0,1,0
mermaid,0,0,0,0,0,110,1,0,1,0
The,1,1,1,0,0,121,1,0,0,0
adventure,0,1,0,0,0,110,1,0,1,0
on the,0,1,0,0,0,121,2,0,2,0
A,1,1,0,0,0,110,1,1,0,0
shorts,0,0,0,0,0,110,1,0,1,0
chibi,0,0,0,0,0,121,1,0,1,0
series,0,1,0,0,0,110,1,0,1,0
Mashima,1,0,0,0,0,121,1,0,0,1
Mashima,1,0,0,0,0,121,1,0,0,1
This,1,1,0,0,0,121,1,0,0,0
Kodansha,1,1,0,0,0,121,1,0,0,0
Weekly Shounen Magazine,1,0,0,0,0,121,3,0,0,0
Hiro,1,1,0,0,0,121,1,0,0,0
Fairy Tail,1,0,0,0,0,121,2,0,0,0
green-lit,0,1,0,0,0,121,1,0,1,0
The,1,1,1,0,0,121,1,0,0,0
The,1,1,1,0,0,121,1,0,0,0
chapters,0,0,0,0,0,110,1,0,1,0
manga,0,1,0,0,1,121,1,0,1,0
shocker,0,1,0,0,0,110,1,0,1,0
A,1,1,0,0,0,110,1,1,0,0
ANN,0,1,0,0,0,121,1,1,0,0
film of,0,1,0,0,0,121,2,0,2,0
Netto Hikari,1,0,0,0,0,121,2,0,0,1
In,1,1,1,0,0,110,1,0,0,0
20XX,0,1,0,0,0,121,1,1,0,0
His,1,1,0,0,0,121,1,0,0,0
navi,0,1,0,0,0,121,1,0,1,0
Rockman,1,1,0,0,0,121,1,0,0,0
Despite,1,1,0,0,0,110,1,0,0,0
Rockman,1,1,0,0,0,121,1,0,0,0
personality,0,1,0,0,0,110,1,0,1,0
A,1,1,0,0,0,110,1,1,0,0
operator,0,0,0,0,0,110,1,0,1,0
PErsonal Terminal,0,1,0,0,0,121,2,0,0,0
PET,0,0,0,0,0,110,1,1,0,0
Children,1,1,0,0,0,110,1,0,0,0
Net Battles,1,1,0,0,0,121,2,0,0,0
worth,0,1,0,0,0,110,1,0,1,0
Source,1,1,0,0,0,110,1,0,0,0
Official Site,1,1,0,0,0,121,2,0,0,0
by the,0,1,0,0,0,121,2,0,2,0
Shana-tan,0,1,0,0,0,121,1,0,0,1
Shakugan,1,0,0,0,1,121,1,0,0,1
Shana,1,1,0,0,0,121,1,0,0,1
Movie,1,1,0,0,0,110,1,0,0,0
DVD,0,1,0,0,0,110,1,1,0,0
director's cut,0,1,1,0,0,121,2,0,2,0
Gokuu,1,0,0,0,0,121,1,0,0,1
Uub,1,1,0,0,0,110,1,0,0,1
Uub,1,1,0,0,0,110,1,0,0,1
Gokuu,1,0,0,0,0,121,1,0,0,1
Emperor Pilaf,1,0,0,0,0,121,2,0,0,1
Gokuu,1,0,0,0,0,121,1,0,0,1
Gokuu,1,0,0,0,0,121,1,0,0,1
Trunks,1,1,0,0,0,110,1,0,0,1
Dragon Ball,1,0,0,0,0,121,2,0,0,0
Dragon Ball,1,0,0,0,0,121,2,0,0,0
Dragon Ball,1,0,0,0,0,121,2,0,0,0
Dragon Ball,1,0,0,0,0,121,2,0,0,0
Earth,1,1,0,0,1,110,1,0,0,0
Earth,1,1,0,0,1,110,1,0,0,0
Emperor Pilaf,1,0,0,0,0,121,2,0,0,0
GT takes,0,1,0,0,0,121,2,1,1,0
Kino,1,1,0,0,0,110,1,0,0,1
country,0,1,0,0,0,110,1,0,1,0
Tower Country,1,1,1,0,0,121,2,0,0,0
Here,1,1,1,0,0,110,1,0,0,0
citizens,0,0,0,0,0,110,1,0,1,0
massive tower,0,1,0,0,0,121,2,0,2,0
The,1,1,1,0,0,121,1,0,0,0
twist,0,0,0,0,0,110,1,0,1,0
it serves,0,1,0,0,0,121,2,0,2,0
Hikaru,1,0,0,0,0,121,1,0,0,1
Umi,1,1,0,0,0,121,1,0,0,1
Fuu,1,0,0,0,0,121,1,0,0,1
Hikaru,1,0,0,0,0,121,1,0,0,1
Umi,1,1,0,0,0,121,1,0,0,1
Fuu,1,0,0,0,0,121,1,0,0,1
Clef,1,1,0,0,0,110,1,0,0,1
Clef,1,1,0,0,0,110,1,0,0,1
Lady Debonair,1,1,0,0,0,121,2,0,0,1
Soon,1,1,0,0,0,114,1,0,0,0
Tokyo,1,1,1,0,0,110,1,0,0,0
Tokyo,1,1,1,0,0,110,1,0,0,0
Tower,1,1,1,0,0,110,1,0,0,0
Cephiro,1,0,0,0,0,121,1,0,0,0
Princess Emeraude,1,0,0,0,0,121,2,0,0,0
Suddenly,1,1,0,0,0,114,1,0,0,0
Cephiro,1,0,0,0,0,121,1,0,0,0
Pillar,1,0,0,0,1,110,1,0,0,0
Cephiro,1,0,0,0,0,121,1,0,0,0
chaos,0,1,0,0,0,110,1,0,1,0
Monsters,1,1,0,0,0,110,1,0,0,0
desolate,0,1,0,0,0,118,1,0,1,0
All,1,1,0,0,0,97,1,0,0,0
Cephiro,1,0,0,0,0,121,1,0,0,0
castle,0,1,0,0,0,110,1,0,1,0
news,0,1,0,0,0,110,1,0,1,0
Chizeta,1,1,0,0,0,121,1,0,0,0
Fahren,1,1,0,0,0,121,1,0,0,0
Autozam,1,0,0,0,0,121,1,0,0,0
Cephiro,1,0,0,0,0,121,1,0,0,0
Pillar,1,0,0,0,1,110,1,0,0,0
purposes,0,1,0,0,0,110,1,0,1,0
The girls,0,1,1,0,0,121,2,0,1,0
invaders,0,0,0,0,1,110,1,0,1,0
Pillar,1,0,0,0,1,110,1,0,0,0
Pillar,1,0,0,0,1,110,1,0,0,0
Cephiro,1,0,0,0,0,121,1,0,0,0
and take,0,1,0,0,0,121,2,0,2,0
Garrod Ran,1,1,0,0,0,121,2,0,0,1
When,1,1,1,0,0,121,1,0,0,0
colony,0,0,0,0,0,110,1,0,1,0
independence,0,0,0,0,0,110,1,0,1,0
Earth Federation,1,1,0,0,1,121,2,0,0,0
Space War,1,1,0,0,0,121,2,0,0,0
all-out,0,0,0,0,0,115,1,0,1,0
Earth,1,0,0,0,1,110,1,0,0,0
The,1,1,1,0,0,121,1,0,0,0
Federation,1,0,0,0,0,110,1,0,0,0
Space Revolutionary Army,1,0,0,0,1,121,3,0,0,0
mobile suits,0,1,0,0,0,121,2,0,2,0
Gundams,1,1,0,0,0,121,1,0,0,0
Space Revolutionary,1,0,0,0,1,121,2,0,0,0
card,0,0,0,0,0,110,1,0,1,0
colonies,0,0,0,0,0,110,1,0,1,0
Earth,1,0,0,0,1,110,1,0,0,0
nuclear winter,0,1,0,0,0,121,2,0,2,0
The Federation,1,1,1,0,0,121,2,0,0,0
Space Revolutionary Army,1,0,0,0,1,121,3,0,0,0
Earth,1,0,0,0,1,110,1,0,0,0
Fifteen,1,1,0,0,0,110,1,0,0,0
The,1,1,1,0,0,121,1,0,0,0
After,1,1,1,0,0,115,1,0,0,0
War,1,1,0,0,0,110,1,0,0,0
New Federation,1,0,0,0,0,121,2,0,0,0
Earth,1,0,0,0,1,110,1,0,0,0
In,1,1,1,0,0,110,1,0,0,0
leaders,0,0,0,0,0,110,1,0,1,0
forces,0,0,0,0,0,110,1,0,1,0
By,1,1,0,0,0,114,1,0,0,0
fifteen-year-old,0,1,0,0,0,121,1,0,1,0
Federation,1,0,0,0,0,110,1,0,0,0
Gundam X,1,1,0,0,1,121,2,1,0,0
Vulture,1,0,0,0,1,110,1,0,0,0
Freeden,1,0,0,0,0,121,1,0,0,0
mistakes,0,0,0,0,1,110,1,0,1,0
the powers,0,1,0,0,0,121,2,0,2,0
Hatsuki,1,0,0,0,0,121,1,0,0,1
Hatsumi,1,0,0,0,0,121,1,0,0,1
Hatsumi,1,0,0,0,0,121,1,0,0,1
Hatsuki,1,0,0,0,0,121,1,0,0,1
Hatsumi,1,0,0,0,0,121,1,0,0,1
Hatsumi,1,0,0,0,0,121,1,0,0,1
Hatsuki,1,0,0,0,0,121,1,0,0,1
student,0,0,0,0,0,110,1,0,1,0
light,0,0,0,0,0,110,1,0,1,0
She,1,1,1,0,0,121,1,0,0,0
baby chick,0,1,0,0,0,121,2,0,2,0
The Great Library,1,1,1,1,0,121,3,0,0,0
books,0,1,0,0,0,110,1,0,1,0
book,0,0,0,0,0,110,1,0,1,0
AniDB,0,1,0,0,0,121,1,0,0,0
she has,0,1,0,0,0,121,2,0,2,0
Anne Bonnie,1,1,0,0,0,121,2,0,0,1
Mary Reed,1,1,0,0,0,121,2,0,0,1
The,1,1,1,0,0,121,1,0,0,0
Isle of Koumi,0,1,0,0,0,121,3,0,1,0
Pacific Ocean,1,1,0,0,1,121,2,0,0,0
On,1,1,0,0,0,97,1,0,0,0
Seabed Palace,1,1,0,0,1,121,2,0,0,0
female pirates,0,1,0,0,0,121,2,0,2,0
Conan,1,0,0,0,0,121,1,0,0,0
Koumi Island,1,0,0,0,0,121,2,0,0,0
vacation,0,1,0,0,0,110,1,0,1,0
hunters,0,1,0,0,0,110,1,0,1,0
There,1,1,1,0,0,110,1,0,0,0
left When,0,1,1,0,0,121,2,0,1,0
Jack Atlas,1,0,0,0,0,121,2,0,0,1
Crow Hogan,1,1,0,0,0,121,2,0,0,1
Yuusei Fudou,1,1,0,0,0,121,2,0,0,1
Paradox,1,0,0,0,0,110,1,0,0,1
Yuusei,1,0,0,0,0,121,1,0,0,1
Paradox,1,0,0,0,0,110,1,0,0,1
Paradox,1,0,0,0,0,110,1,0,0,1
Jaden Yuki,1,1,0,0,0,121,2,0,0,1
Yubel,1,0,0,0,0,121,1,0,0,1
Jaden,1,0,0,0,0,121,1,0,0,1
Yuusei,1,0,0,0,0,121,1,0,0,1
Crimson Dragon,1,1,0,0,1,121,2,0,0,1
Jaden,1,0,0,0,0,121,1,0,0,1
Yuusei,1,0,0,0,0,121,1,0,0,1
Paradox,1,0,0,0,0,110,1,0,0,1
Maximillion Pegasus,1,1,0,0,0,121,2,0,0,1
Yuusei,1,0,0,0,0,121,1,0,0,1
Jaden,1,0,0,0,0,121,1,0,0,1
Paradox,1,0,0,0,0,110,1,0,0,1
Yuugi Mutou,1,1,0,0,0,121,2,0,0,1
Yuusei,1,0,0,0,0,121,1,0,0,1
Jaden,1,0,0,0,0,121,1,0,0,1
Paradox,1,0,0,0,0,110,1,0,0,1
Pegasus,1,0,0,0,0,110,1,0,0,1
Yuugi,1,1,0,0,0,121,1,0,0,1
Yuugi,1,1,0,0,0,121,1,0,0,1
Yuusei,1,0,0,0,0,121,1,0,0,1
Jaden,1,0,0,0,0,121,1,0,0,1
Paradox,1,0,0,0,0,110,1,0,0,1
While,1,1,0,0,0,110,1,0,0,0
Stardust Dragon,1,0,0,0,0,121,2,0,0,0
Turbo Duelist,1,0,0,0,0,121,2,0,0,0
Turbo Duel,1,0,0,0,0,121,2,0,0,0
Sin Monster,1,1,0,0,0,121,2,0,0,0
With,1,1,1,0,0,121,1,0,0,0
Crimson Dragon,1,1,0,0,1,121,2,0,0,0
During,1,1,0,0,0,121,1,0,0,0
The Supreme King,1,1,1,1,0,121,3,0,0,0
However,1,1,0,0,0,114,1,0,0,0
Paradox,1,0,0,0,0,110,1,0,0,0
Cyber End Dragon,1,0,0,0,0,121,3,0,0,0
Rainbow Dragon,1,0,0,0,0,121,2,0,0,0
By,1,1,0,0,0,114,1,0,0,0
Duel Monsters,1,1,0,0,0,121,2,0,0,0
King of Games,0,1,0,1,1,121,3,0,1,0
However,1,1,0,0,0,114,1,0,0,0
Blue-Eyes,1,1,0,0,0,121,1,0,0,0
White Dragon,1,1,0,0,0,121,2,0,0,0
Red-Eyes,1,1,0,0,0,118,1,0,0,0
Black Dragon,1,1,0,0,0,121,2,0,0,0
After,1,1,1,0,0,115,1,0,0,0
causing the,0,1,0,0,0,121,2,0,2,0
Golgo 13,1,1,0,0,0,121,2,0,0,1
Duke Togo,1,1,1,0,0,121,2,0,0,1
Tadashi Togo,1,1,1,0,0,121,2,0,0,1
Golgo,1,0,0,0,0,121,1,0,0,1
Golgo,1,0,0,0,0,121,1,0,0,1
Golgo,1,0,0,0,0,121,1,0,0,1
Then,1,1,1,0,0,110,1,0,0,0
aliases,0,0,0,0,1,110,1,0,1,0
A,1,1,0,0,0,110,1,1,0,0
mystery,0,1,0,0,0,110,1,0,1,0
intelligence agencies,0,0,0,0,0,121,2,0,2,0
But,1,1,0,0,0,114,1,0,0,0
skills,0,0,0,0,0,110,1,0,1,0
legendary,0,1,0,0,0,115,1,0,1,0
Armed,1,1,0,0,0,118,1,0,0,0
M16,1,1,0,0,0,121,1,1,0,0
agency,0,1,0,0,0,110,1,0,1,0
FBI,0,0,0,0,1,110,1,1,0,0
KGB,0,1,0,0,1,110,1,1,0,0
He,1,1,1,0,0,110,1,0,0,0
contract,0,0,0,0,0,110,1,0,1,0
price,0,1,0,0,0,110,1,0,1,0
He,1,1,1,0,0,110,1,0,0,0
weapon,0,0,0,0,0,110,1,0,1,0
threat,0,0,0,0,0,110,1,0,1,0
’s sights,0,1,0,0,0,121,2,0,2,0
Prequel,1,1,0,0,0,121,1,0,0,0
One Piece Film,1,1,0,0,0,121,3,0,0,0
Gold,1,1,0,0,0,110,1,0,0,0
to,0,1,0,0,0,121,1,0,1,0
Luffy,1,1,0,0,0,121,1,0,0,1
Vivi,1,0,0,0,0,121,1,0,0,1
In,1,1,1,0,0,110,1,0,0,0
Edo Period Japan,1,1,0,0,0,121,3,0,0,0
police,0,1,0,0,1,110,1,0,1,0
This,1,1,0,0,0,121,1,0,0,0
adventures,0,1,0,0,0,110,1,0,1,0
Buggy,1,1,0,0,0,110,1,0,0,0
town,0,1,0,0,1,110,1,0,1,0
Episode,1,1,0,0,0,110,1,0,0,0
This,1,1,0,0,0,121,1,0,0,0
cameos,0,0,0,0,0,110,1,0,1,0
series,0,1,0,0,0,110,1,0,1,0
A,1,1,0,0,0,110,1,1,0,0
episodes,0,0,0,0,0,110,1,0,1,0
New Year,1,1,0,0,1,121,2,0,0,0
the second,0,1,0,0,0,121,2,0,2,0
The,1,1,1,0,0,121,1,0,0,0
Overlord,1,0,0,0,0,110,1,0,0,0
TV,0,1,0,0,1,110,1,1,0,0
an anime,0,1,0,0,0,121,2,0,2,0
Princess Yona,1,0,0,0,0,121,2,0,0,1
Yona,1,0,0,0,0,121,1,0,0,1
Son Hak,1,1,0,0,0,121,2,0,0,1
Mizuho Kusanagi,1,1,0,0,0,121,2,0,0,1
Akatsuki,1,1,0,0,0,121,1,0,0,1
Yona,1,0,0,0,0,121,1,0,0,1
Princess Yona,1,0,0,0,0,121,2,0,0,1
Yona,1,0,0,0,0,121,1,0,0,1
Kouka,1,0,0,0,0,121,1,0,0,1
Kingdom,1,0,0,1,0,110,1,0,0,0
Kouka,1,0,0,0,0,121,1,0,0,0
Kouka,1,0,0,0,0,121,1,0,0,0
King,1,0,0,1,0,110,1,0,0,0
Kouka,1,0,0,0,0,121,1,0,0,0
MAL,0,1,0,0,0,121,1,1,0,0
ease completely,0,1,0,0,0,121,2,0,2,0
Rumina Asagi,1,1,0,0,0,121,2,0,0,1
Ginnosuke Isuzu,1,1,0,0,0,121,2,0,0,1
Chelsea Rorec,1,1,0,0,0,121,2,0,0,1
Ruri Sarasa,1,1,0,0,0,121,2,0,0,1
Under,1,1,0,0,0,115,1,0,0,0
Tokyo,1,1,1,0,0,110,1,0,0,0
Japan,1,1,0,0,0,110,1,0,0,0
Underground,1,1,0,0,0,110,1,0,0,0
There,1,1,1,0,0,110,1,0,0,0
Elemental Users,1,1,0,0,0,121,2,0,0,0
elements,0,1,0,0,1,110,1,0,1,0
Fire,1,1,0,0,0,110,1,0,0,0
Water,1,1,0,0,0,110,1,0,0,0
Lightning,1,1,0,0,0,110,1,0,0,0
Magnetism,1,1,0,0,0,110,1,0,0,0
Freeze,1,1,0,0,0,110,1,0,0,0
Meet,1,1,0,0,0,110,1,0,0,0
freshmen,0,0,0,0,0,110,1,0,1,0
Tokyo,1,1,1,0,0,110,1,0,0,0
When,1,1,1,0,0,121,1,0,0,0
Gravity User,1,1,0,0,0,121,2,0,0,0
Miko of Life,0,1,0,0,1,121,3,0,1,0
and his,0,1,0,0,0,121,2,0,2,0
Robin,1,1,0,0,0,110,1,0,0,1
crew,0,1,0,0,1,110,1,0,1,1
Luffy,1,1,0,0,0,121,1,0,0,1
Zoro,1,1,0,0,0,121,1,0,0,1
Nami,1,1,0,0,0,121,1,0,0,1
The,1,1,1,0,0,121,1,0,0,0
Straw Hat Crew,1,1,0,0,1,121,3,0,0,0
Going Merry,1,0,0,0,0,121,2,0,0,0
Merry Go,1,1,0,0,0,121,2,0,0,0
brand-new animation,0,1,0,0,0,121,2,0,2,0
Luffy and Usopp,0,1,0,0,0,121,3,0,1,0
Going Merry,1,0,0,0,0,121,2,0,0,0
Straw Hats,1,0,0,0,1,121,2,0,0,0
treasure,0,1,0,0,0,110,1,0,1,0
One Piece,1,1,0,0,1,121,2,0,0,0
to the,0,1,0,0,0,121,2,0,2,0
Tohma,1,0,1,0,0,121,1,0,0,1
A,1,1,0,0,0,110,1,1,0,0
white-haired,0,0,0,0,0,115,1,0,1,0
Europe,1,0,0,0,0,110,1,0,0,0
Always,1,1,0,0,0,114,1,0,0,0
11-year-olds,0,1,0,0,0,121,1,0,1,0
power,0,1,0,0,0,110,1,0,1,0
What,1,1,0,0,0,121,1,0,0,0
crescent moon,0,1,0,0,0,121,2,0,2,0
Now,1,1,0,0,0,110,1,0,0,0
centuries,0,1,0,0,0,110,1,0,1,0
mystery,0,1,0,0,0,110,1,0,1,0
year of,0,1,0,0,0,121,2,0,2,0
Otaru,1,0,0,0,0,121,1,0,0,1
Otaru,1,0,0,0,0,121,1,0,0,1
In,1,1,1,0,0,110,1,0,0,0
Earth,1,0,0,0,1,110,1,0,0,0
overpopulated,0,1,0,0,0,118,1,0,1,0
planets,0,0,0,0,0,110,1,0,1,0
However,1,1,0,0,0,114,1,0,0,0
ships,0,1,0,0,1,110,1,0,1,0
Mesopotamia,1,1,0,0,0,110,1,0,0,0
malfunctions,0,1,0,0,0,110,1,0,1,0
inhabitants,0,0,0,0,0,110,1,0,1,0
planet,0,0,0,0,0,110,1,0,1,0
Terra ll,0,1,0,0,0,121,2,0,1,0
Earth,1,0,0,0,1,110,1,0,0,0
However,1,1,0,0,0,114,1,0,0,0
Therefore,1,1,1,0,0,114,1,0,0,0
efforts,0,0,0,0,0,110,1,0,1,0
countries,0,0,0,0,0,110,1,0,1,0
engineering,0,1,0,0,0,110,1,0,1,0
androids,0,0,0,0,0,110,1,0,1,0
Marionettes,1,0,0,0,0,110,1,0,0,0
chores,0,0,0,0,0,110,1,0,1,0
However,1,1,0,0,0,114,1,0,0,0
machines,0,1,0,0,0,110,1,0,1,0
But,1,1,0,0,0,114,1,0,0,0
Marionettes,1,0,0,0,0,110,1,0,0,0
Maiden Circuit,1,1,0,0,0,121,2,0,0,0
It's,0,1,1,0,0,121,1,0,0,0
emotions,0,0,0,0,0,110,1,0,1,0
domination,0,1,0,0,0,110,1,0,1,0
Marionettes,1,0,0,0,0,110,1,0,0,0
the the,0,1,0,0,0,121,2,0,2,0
Juna,1,1,0,0,0,121,1,0,0,1
Raaja,1,1,0,0,1,121,1,0,0,1
high-school,0,1,0,0,0,121,1,0,1,0
motorcycle,0,1,0,0,0,110,1,0,1,0
accident,0,1,0,0,0,110,1,0,1,0
But,1,1,0,0,0,114,1,0,0,0
Now,1,1,0,0,0,110,1,0,0,0
Avatar of Time,0,1,0,0,1,121,3,0,1,0
fate,0,0,0,0,1,110,1,0,1,0
planet,0,1,0,0,1,110,1,0,1,0
she must,0,1,0,0,0,121,2,0,2,0
Aika,1,1,0,0,0,121,1,0,0,1
Aika,1,1,0,0,0,121,1,0,0,1
A,1,1,0,0,0,110,1,1,0,0
earthquake,0,0,0,0,0,110,1,0,1,0
Tokyo,1,1,1,0,0,110,1,0,0,0
Earth,1,0,0,0,1,110,1,0,0,0
salvager,0,0,0,0,0,110,1,0,1,0
retrieves,0,0,0,0,0,118,1,0,1,0
ruins,0,1,0,0,0,110,1,0,1,0
When,1,1,1,0,0,121,1,0,0,0
mission,0,0,0,0,0,110,1,0,1,0
Lagu,1,1,0,0,0,121,1,0,0,0
it,0,1,0,0,0,110,1,0,1,0
and obtaining,0,1,0,0,0,121,2,0,2,0
Lupin,1,1,0,0,0,110,1,0,0,1
Lupin,1,1,0,0,0,110,1,0,0,1
character,0,0,0,0,0,110,1,0,1,0
series,0,0,0,0,0,110,1,0,1,0
Italy,1,0,0,0,0,110,1,0,0,0
San Marino,1,1,0,0,0,121,2,0,0,0
Reflecting,1,1,0,0,0,118,1,0,0,0
anime,0,0,0,0,1,110,1,0,1,0
Italy,1,0,0,0,0,110,1,0,0,0
Japan,1,1,0,0,0,110,1,0,0,0
titular thief,0,0,0,0,1,121,2,0,2,0
OVAs,0,1,0,0,0,121,1,0,0,0
specials,0,1,0,0,0,110,1,0,1,0
pink,0,1,0,0,0,110,1,0,1,0
Source,1,1,0,0,0,110,1,0,0,0
Crunchyroll,1,1,0,0,0,121,1,0,0,0
setting the,0,1,0,0,0,121,2,0,2,0
Conan,1,0,0,0,0,121,1,0,0,1
Conan,1,0,0,0,0,121,1,0,0,1
The,1,1,1,0,0,121,1,0,0,0
story,0,1,0,0,0,110,1,0,1,0
threat,0,0,0,0,0,110,1,0,1,0
Tokyo,1,1,1,0,1,110,1,0,0,0
governor,0,1,0,0,0,110,1,0,1,0
fatalities,0,0,0,0,0,110,1,0,1,0
connection,0,0,0,0,0,110,1,0,1,0
village,0,0,0,0,0,110,1,0,1,0
dam,0,1,0,0,0,110,1,0,1,0
criminal,0,0,0,0,1,110,1,0,1,0
's quick,0,1,1,0,0,121,2,0,2,0
Akiha Shishidou,1,0,0,0,0,121,2,0,0,1
Leopard,1,0,0,0,0,110,1,0,0,1
Akiha,1,1,0,0,0,121,1,0,0,1
Itsuki Kannagi,1,1,0,0,0,121,2,0,0,1
Honoka Kawai,1,1,0,0,0,121,2,0,0,1
Imoko,1,1,0,0,0,121,1,0,0,1
Shishidou,1,1,0,0,0,121,1,0,0,1
Source,1,1,0,0,0,110,1,0,0,1
AniDB,0,1,0,0,0,121,1,0,0,1
The,1,1,1,0,0,121,1,0,0,0
Orbital Calendar,1,1,0,0,1,121,2,0,0,0
humanity,0,0,0,0,0,110,1,0,1,0
clusters,0,0,0,0,0,110,1,0,1,0
A,1,1,0,0,0,110,1,1,0,0
intelligence,0,0,0,0,0,110,1,0,1,0
colony,0,1,0,0,0,110,1,0,1,0
Inter-Colony,1,1,1,0,0,121,1,0,0,0
Police officer,0,1,0,0,0,121,2,0,1,0
taciturn,0,0,0,0,0,97,1,0,1,0
Imo-chan,0,1,0,0,0,121,1,0,0,0
year 311,0,1,0,0,0,121,2,0,1,0
Satoshi,1,0,0,0,0,121,1,0,0,1
Pikachu,1,0,0,0,0,121,1,0,0,1
Victini,1,0,0,0,0,121,1,0,0,1
Pokemon,1,0,0,0,0,121,1,0,0,1
Zekrom,1,0,0,0,0,121,1,0,0,1
Reshiram,1,1,0,0,0,121,1,0,0,1
One,1,1,0,0,0,110,1,0,0,0
Pokemon,1,1,0,0,0,121,1,0,0,0
Best,1,1,0,0,0,110,1,0,0,0
Wishes,1,1,0,0,0,110,1,0,0,0
July,1,1,0,0,0,110,1,0,0,0
The,1,1,1,0,0,121,1,0,0,0
titles,0,1,0,0,0,110,1,0,1,0
Pokemon Best Wishes,1,1,0,0,0,121,3,0,0,0
Movie,1,1,0,0,1,110,1,0,0,0
Victini,1,1,0,0,0,121,1,0,0,0
Kuroki Eiyuu Zekrom,1,1,0,0,0,121,3,0,0,0
Pokemon Best Wishes,1,1,0,0,0,121,3,0,0,0
Movie,1,1,0,0,1,110,1,0,0,0
Victini,1,1,0,0,0,121,1,0,0,0
Shiroki Eiyuu Reshiram,1,1,0,0,0,121,3,0,0,0
The,1,1,1,0,0,121,1,0,0,0
stories of,0,1,0,0,0,121,2,0,2,0
Reserve Army,1,1,0,0,1,121,2,0,0,1
Manato,1,1,0,0,0,121,1,0,0,1
Haruhiro,1,1,0,0,0,121,1,0,0,1
Yume,1,1,0,0,0,121,1,0,0,1
Shihoru,1,1,0,0,0,121,1,0,0,1
Mogzo,1,1,0,0,0,121,1,0,0,1
Ranta,1,1,0,0,0,121,1,0,0,1
Grimgar,1,1,0,0,0,121,1,0,0,0
MAL,0,1,0,0,0,121,1,1,0,0
of a,0,1,0,0,0,121,2,0,2,0
Genom,1,1,0,0,0,121,1,0,0,1
In,1,1,1,0,0,110,1,0,0,0
Tokyo,1,1,1,0,0,110,1,0,0,0
earthquake,0,1,0,0,0,110,1,0,1,0
A,1,1,0,0,0,110,1,1,0,0
MegaTokyo,0,0,1,0,0,121,1,0,0,0
multi-million,0,0,0,0,0,121,1,0,1,0
Genom Corp,1,1,0,0,0,121,2,0,0,0
mass-produced,0,0,0,0,0,118,1,0,1,0
Boomers,1,0,0,0,0,110,1,0,0,0
restoration,0,0,0,0,1,110,1,0,1,0
MegaTokyo,0,0,1,0,0,121,1,0,0,0
When,1,1,1,0,0,121,1,0,0,0
Boomers,1,0,0,0,0,110,1,0,0,0
ADPolice,0,0,0,0,1,121,1,0,0,0
Under,1,1,0,0,0,115,1,0,0,0
Boomer,1,1,0,0,0,110,1,0,0,0
Calling,1,1,0,0,0,110,1,0,0,0
The Knight Sabers,1,1,1,0,0,121,3,0,0,0
firepower,0,0,0,0,0,110,1,0,1,0
MegaTokyo,0,0,1,0,0,121,1,0,0,0
Genom,1,0,0,0,0,121,1,0,0,0
Boomers,1,0,0,0,0,110,1,0,0,0
company created,0,1,0,0,0,121,2,0,2,0
Simon,1,0,0,0,0,110,1,0,0,1
Kamina,1,1,0,0,0,121,1,0,0,1
Chitori,1,0,0,0,0,121,1,0,0,1
A,1,1,0,0,0,110,1,1,0,0
Nintendo DS,0,0,0,0,1,121,2,1,0,0
Envious,1,1,0,0,0,115,1,0,0,0
Lagann,1,0,0,0,0,121,1,0,0,0
Gurren,1,0,0,0,0,121,1,0,0,0
Source,1,1,0,0,0,110,1,0,0,0
Wikipedia,1,1,0,0,0,121,1,0,0,0
clean up,0,1,0,0,0,121,2,0,2,0
Luffy,1,0,0,0,0,121,1,0,0,1
Zoro,1,0,0,0,0,121,1,0,0,1
Nami,1,0,0,0,0,121,1,0,0,1
Nami,1,0,0,0,0,121,1,0,0,1
Luffy,1,0,0,0,0,121,1,0,0,1
Zoro,1,0,0,0,0,121,1,0,0,1
Medaka,1,0,0,0,0,121,1,0,0,1
Pirate Ganzack,1,0,0,0,0,121,2,0,0,1
Medaka,1,0,0,0,0,121,1,0,0,1
Luffy,1,0,0,0,0,121,1,0,0,1
Zoro,1,0,0,0,0,121,1,0,0,1
Medaka,1,0,0,0,0,121,1,0,0,1
Ganzack,1,1,0,0,0,121,1,0,0,1
Nami,1,0,0,0,0,121,1,0,0,1
While,1,1,0,0,0,110,1,0,0,0
boat,0,1,0,0,0,110,1,0,1,0
monster,0,1,0,0,0,110,1,0,1,0
shore,0,1,0,0,0,110,1,0,1,0
There,1,1,1,0,0,110,1,0,0,0
island,0,1,0,0,1,110,1,0,1,0
The,1,1,1,0,0,121,1,0,0,0
villagers,0,0,0,0,1,110,1,0,1,0
their small,0,1,0,0,0,121,2,0,2,0
Zap,1,1,0,0,0,110,1,0,0,1
Bonnie,1,1,0,0,0,115,1,0,0,1
Max,1,1,0,0,0,110,1,0,0,1
Amanda,1,0,0,0,0,121,1,0,0,1
Luffy,1,0,0,0,0,121,1,0,0,1
Luffy,1,0,0,0,0,121,1,0,0,1
Amanda,1,0,0,0,0,121,1,0,0,1
Luffy,1,0,0,0,0,121,1,0,0,1
Amanda,1,0,0,0,0,121,1,0,0,1
Amanda,1,0,0,0,0,121,1,0,0,1
The,1,1,1,0,0,121,1,0,0,0
Pirate,1,1,0,0,0,110,1,0,0,0
money,0,1,0,0,0,110,1,0,1,0
Three,1,1,0,0,0,110,1,0,0,0
children,0,0,0,0,0,110,1,0,1,0
treasure,0,1,0,0,1,110,1,0,1,0
If,1,1,0,0,0,121,1,0,0,0
They,1,1,1,0,0,121,1,0,0,0
Unfortunately,1,1,0,0,0,114,1,0,0,0
boss,0,1,0,0,0,110,1,0,1,0
Bayan Pirates,1,1,0,0,1,121,2,0,0,0
treasure,0,1,0,0,1,110,1,0,1,0
Now,1,1,0,0,0,110,1,0,0,0
Bayan,1,0,0,0,1,121,1,0,0,0
children,0,0,0,0,0,110,1,0,1,0
adventure,0,0,0,0,0,110,1,0,1,0
and offers,0,1,0,0,0,121,2,0,2,0
Oda Eiichiro,1,1,0,0,0,121,2,0,0,1
Dr. Usodabada,1,1,0,0,0,121,2,0,0,1
Sanji,1,0,0,0,0,121,1,0,0,1
Obahan,1,1,0,0,0,121,1,0,0,1
Luffione,1,1,0,0,1,121,1,0,0,1
Zorocia,1,1,0,0,0,121,1,0,0,1
Sanjino,1,0,0,0,0,121,1,0,0,1
Straw Hat Theater,1,1,1,0,0,121,3,0,0,0
shorts,0,0,0,0,0,110,1,0,1,0
One Piece,1,0,0,0,0,121,2,0,0,0
October,1,1,0,0,0,110,1,0,0,0
They,1,1,1,0,0,121,1,0,0,0
comics,0,0,0,0,0,110,1,0,1,0
The,1,1,1,0,0,121,1,0,0,0
Chopper Man,1,0,0,0,0,121,2,0,0,0
The,1,1,1,0,0,121,1,0,0,0
news report,0,0,0,0,0,121,2,0,2,0
Straw Hats,1,0,0,0,1,121,2,0,0,0
investigates,0,0,0,0,0,118,1,0,1,0
Straw Hat Pirates,1,0,0,0,1,121,3,0,0,0
strongest,0,1,0,0,1,97,1,0,1,0
The,1,1,1,0,0,121,1,0,0,0
bosses,0,0,0,0,1,110,1,0,1,0
In,1,1,1,0,0,110,1,0,0,0
Straw Hats,1,0,0,0,1,121,2,0,0,0
monsters,0,1,0,0,0,110,1,0,1,0
short is,0,1,0,0,0,121,2,0,2,0
Satoshi,1,0,0,0,0,121,1,0,0,1
Satoshi,1,0,0,0,0,121,1,0,0,1
Eureka,1,0,0,0,0,110,1,0,0,1
Puni-chan,0,0,0,0,0,121,1,0,0,1
Satoshi,1,0,0,0,0,121,1,0,0,1
Serena,1,0,0,0,0,121,1,0,0,1
Zukan,1,1,0,0,0,121,1,0,0,1
Puni-chan,0,0,0,0,0,121,1,0,0,1
Satoshi,1,0,0,0,0,121,1,0,0,1
Puni-chan,0,0,0,0,0,121,1,0,0,1
Gojika,1,1,0,0,0,121,1,0,0,1
Satoshi,1,0,0,0,0,121,1,0,0,1
Serena,1,0,0,0,0,121,1,0,0,1
Mega Evolution,1,1,0,0,0,121,2,0,0,1
Satoshi,1,0,0,0,0,121,1,0,0,1
The,1,1,1,0,0,121,1,0,0,0
Kalos,1,0,0,0,1,121,1,0,0,0
badge,0,0,0,0,0,110,1,0,1,0
Pokemon,1,0,0,0,0,121,1,0,0,0
pochette,0,1,0,0,0,121,1,0,1,0
Pokemon,1,0,0,0,0,121,1,0,0,0
However,1,1,0,0,0,114,1,0,0,0
apparent,0,0,0,0,0,115,1,0,1,0
Team Flare,1,0,0,0,0,121,2,0,0,0
Pokemon,1,0,0,0,0,121,1,0,0,0
agenda,0,1,0,0,0,110,1,0,1,0
But,1,1,0,0,0,114,1,0,0,0
enigmatic organization,0,0,0,0,1,121,2,0,2,0
decency,0,1,0,0,0,110,1,0,1,0
Team Flare,1,0,0,0,0,121,2,0,0,0
With,1,1,1,0,0,121,1,0,0,0
predictions,0,0,0,0,0,110,1,0,1,0
badge,0,0,0,0,0,110,1,0,1,0
Princess Key,1,0,0,0,0,121,2,0,0,0
TriPokalon Master Class,0,1,0,1,1,121,3,0,0,0
But,1,1,0,0,0,114,1,0,0,0
Team Flare,1,0,0,0,0,121,2,0,0,0
mysterious Z,0,1,0,0,1,121,2,1,1,0
Pokemon XY,0,0,0,0,0,121,2,1,0,0
Pokemon XY,0,0,0,0,0,121,2,1,0,0
Team Rocket,1,1,0,0,0,121,2,0,0,0
Kalos,1,0,0,0,1,121,1,0,0,0
friends through,0,1,0,0,0,121,2,0,2,0
Arusu,1,1,0,0,0,121,1,0,0,1
Arusu,1,1,0,0,0,121,1,0,0,1
magic,0,1,0,0,0,110,1,0,1,0
deeds,0,0,0,0,0,110,1,0,1,0
games,0,1,0,0,0,110,1,0,1,0
But,1,1,0,0,0,114,1,0,0,0
elite of witches,0,1,0,0,0,121,3,0,3,0
fun,0,1,0,0,1,110,1,0,1,0
They're,0,1,1,0,0,121,1,0,0,0
sprites,0,1,0,0,0,110,1,0,1,0
slavery,0,1,0,0,0,110,1,0,1,0
Once,1,1,0,0,0,114,1,0,0,0
surroundings,0,1,0,0,0,110,1,0,1,0
things,0,1,0,0,0,110,1,0,1,0
for the,0,1,0,0,0,121,2,0,2,0
Takahashi Rumiko,1,1,0,0,0,121,2,0,0,1
A,1,1,0,0,0,110,1,1,0,0
30-minute,0,1,0,0,0,121,1,0,1,0
Inuyasha,1,1,1,0,0,121,1,0,0,0
Kuroi Tessaiga,1,0,0,0,0,121,2,0,0,0
Japan,1,1,0,0,0,110,1,0,0,0
In,1,1,1,0,0,110,1,0,0,0
January,1,1,0,0,0,110,1,0,0,0
Inuyasha Kanketsu-hen,0,1,1,0,0,121,2,0,0,0
feature,0,1,0,0,0,110,1,0,1,0
Calon Mautholos,1,1,0,0,0,121,2,0,0,1
Calon,1,0,0,0,0,121,1,0,0,1
A.J. Sebastian,1,1,0,0,0,121,2,1,0,1
Calon,1,0,0,0,0,121,1,0,0,1
Calon,1,0,0,0,0,121,1,0,0,1
Deunan Knute,1,1,0,0,0,121,2,0,0,1
Calon,1,0,0,0,0,121,1,0,0,1
Sebastian,1,1,0,0,0,121,1,0,0,1
Appleseed,1,1,0,0,0,121,1,0,0,0
World War III,0,1,0,0,0,121,3,1,0,0
General Management Control Office,1,0,0,0,1,121,4,0,0,0
Olympus,1,0,0,0,0,110,1,0,0,0
Built,1,1,0,0,0,118,1,0,0,0
paradise,0,0,0,0,0,110,1,0,1,0
Earth,1,1,0,0,0,110,1,0,0,0
Olympus,1,0,0,0,0,110,1,0,0,0
humans,0,1,0,0,0,110,1,0,1,0
cyborgs,0,1,0,0,0,110,1,0,1,0
bioroids,0,1,0,0,0,121,1,0,1,0
capabilities,0,0,0,0,0,110,1,0,1,0
Bioroids,1,1,0,0,0,121,1,0,0,0
Olympus,1,0,0,0,0,110,1,0,0,0
utopian,0,0,0,0,1,110,1,0,1,0
citizens,0,0,0,0,1,110,1,0,1,0
But,1,1,0,0,0,114,1,0,0,0
Utopia,1,1,0,0,0,110,1,0,0,0
cage,0,1,0,0,0,110,1,0,1,0
Police officer,0,1,0,0,0,121,2,0,1,0
Olympus,1,0,0,0,0,110,1,0,0,0
suicide,0,1,0,0,0,110,1,0,1,0
freedom,0,0,0,0,0,110,1,0,1,0
rules,0,0,0,0,1,110,1,0,1,0
citizens,0,0,0,0,1,110,1,0,1,0
As,1,1,0,0,0,110,1,0,0,0
terrorist,0,1,0,0,1,110,1,0,1,0
Legislature,1,0,0,0,1,110,1,0,0,0
Central Management Bureau,1,0,0,0,1,121,3,0,0,0
Olympus,1,0,0,0,0,110,1,0,0,0
But,1,1,0,0,0,114,1,0,0,0
malcontent,0,1,0,0,0,110,1,0,1,0
Sebastian,1,1,0,0,0,121,1,0,0,0
officials,0,1,0,0,0,110,1,0,1,0
Briareos,1,0,0,0,0,121,1,0,0,0
ESWAT,0,1,0,0,1,121,1,1,0,0
of where,0,1,0,0,0,121,2,0,2,0
Mimiru,1,0,0,0,0,121,1,0,0,1
Bear,1,0,0,0,0,110,1,0,0,1
Mimiru,1,0,0,0,0,121,1,0,0,1
Bear,1,0,0,0,0,110,1,0,0,1
Mimika,1,0,0,0,0,121,1,0,0,1
Mimiru,1,0,0,0,0,121,1,0,0,1
A,1,1,0,0,0,110,1,1,0,0
multiplayer,0,0,0,0,0,121,1,0,1,0
role-playing,0,0,0,0,0,121,1,0,1,0
The World,1,1,1,0,0,121,2,0,0,0
In,1,1,1,0,0,110,1,0,0,0
The World,1,1,1,0,0,121,2,0,0,0
Dungeon of Nankoflank,0,0,0,0,1,121,3,0,1,0
experiences,0,0,0,0,0,110,1,0,1,0
The,1,1,1,0,0,121,1,0,0,0
character,0,0,0,0,0,110,1,0,1,0
quests,0,0,0,0,0,110,1,0,1,0
game,0,1,0,0,1,110,1,0,1,0
by MAL,0,1,0,0,0,121,2,1,1,0
Demon God,1,1,0,0,1,121,2,0,0,1
Brave,1,1,0,0,0,110,1,0,0,1
Adlet Mayer,1,1,0,0,0,121,2,0,0,1
Adlet,1,0,0,0,0,121,1,0,0,1
Nashetania Loei Piena,1,1,0,0,0,121,3,0,0,1
crown princess,0,1,0,0,0,121,2,0,2,1
Brave,1,1,0,0,0,110,1,0,0,1
Demon God,1,1,0,0,1,121,2,0,0,1
Adlet,1,0,0,0,0,121,1,0,0,1
Adlet,1,0,0,0,0,121,1,0,0,1
Fate,1,1,0,0,0,110,1,0,0,0
World,1,1,0,0,1,110,1,0,0,0
Piena,1,0,0,0,0,121,1,0,0,0
Brave,1,1,0,0,0,110,1,0,0,0
MAL,0,1,0,0,0,121,1,1,0,0
at a,0,1,0,0,0,121,2,0,2,0
Lieutenant Randolph,1,1,0,0,0,121,2,0,0,1
Randolph,1,0,0,0,0,121,1,0,0,1
Randolph,1,0,0,0,0,121,1,0,0,1
Luffy,1,1,0,0,0,121,1,0,0,1
Randolph,1,0,0,0,0,121,1,0,0,1
Luffy,1,1,0,0,0,121,1,0,0,1
Randolph,1,0,0,0,0,121,1,0,0,1
For,1,1,0,0,0,121,1,0,0,0
Ex-Marine,1,1,0,0,0,121,1,0,0,0
troupe,0,0,0,0,0,110,1,0,1,0
ship,0,1,0,0,0,110,1,0,1,0
Having,1,1,0,0,0,118,1,0,0,0
pirates,0,1,0,0,0,110,1,0,1,0
courage,0,0,0,0,0,110,1,0,1,0
loved ones,0,0,0,0,0,121,2,0,2,0
pirates,0,1,0,0,0,110,1,0,1,0
Unfortunately,1,1,0,0,0,114,1,0,0,0
performance,0,1,0,0,0,110,1,0,1,0
themselves,0,1,0,0,0,121,1,0,1,0
But,1,1,0,0,0,114,1,0,0,0
Randolph,1,1,0,0,0,121,1,0,0,0
subordinate,0,0,0,0,0,110,1,0,1,0
commander,0,0,0,0,0,110,1,0,1,0
nakama,0,0,0,0,0,121,1,0,1,0
scum,0,1,0,0,0,110,1,0,1,0
commander,0,0,0,0,0,110,1,0,1,0
Episode,1,1,0,0,0,110,1,0,0,0
soon and,0,1,0,0,0,121,2,0,2,0
Genjo Sanzo,1,1,0,0,0,121,2,0,0,1
Cho Hakkai,1,1,0,0,0,121,2,0,0,1
Sha Gojyo,1,1,0,0,0,121,2,0,0,1
Son Goku,1,0,0,0,0,121,2,0,0,1
Gyoumao,1,1,0,0,0,121,1,0,0,1
Sanzo Ikkou,1,0,0,0,1,121,2,0,0,1
Priest,1,1,0,0,0,110,1,0,0,0
journey,0,0,0,0,0,110,1,0,1,0
As,1,1,0,0,0,110,1,0,0,0
assassins,0,0,0,0,0,110,1,0,1,0
tensions,0,0,0,0,0,110,1,0,1,0
order to,0,1,0,0,0,121,2,0,2,0
Liger Zero,1,1,0,0,1,121,2,0,0,1
Zoid,1,0,0,0,0,121,1,0,0,1
Liger Zero,1,1,0,0,1,121,2,0,0,1
Zoids—powerful,0,1,0,0,0,121,1,0,0,0
animal-shaped,0,1,0,0,0,121,1,0,1,0
mechs—are,0,0,0,0,0,121,1,0,1,0
competitions,0,1,0,0,0,110,1,0,1,0
The Blitz Team,1,1,1,0,0,121,3,0,0,0
Zoid,1,0,0,0,1,121,1,0,0,0
leagues,0,1,0,0,0,110,1,0,1,0
Bit Cloud,1,1,0,0,0,121,2,0,0,0
vagrant,0,0,0,0,0,110,1,0,1,0
wanders,0,1,0,0,0,118,1,0,1,0
cockpit,0,1,0,0,0,110,1,0,1,0
Led,1,1,0,0,0,110,1,0,0,0
Bit,1,0,0,0,0,110,1,0,0,0
Liger,1,1,0,0,1,110,1,0,0,0
Blitz Team,1,0,0,0,1,121,2,0,0,0
top—but,0,0,0,0,1,121,1,0,1,0
Backdraft Group,1,1,0,0,1,121,2,0,0,0
Zoid pilots,0,0,0,0,0,121,2,0,1,0
laws,0,0,0,0,1,110,1,0,1,0
Zoid Battle Commission,1,1,0,0,1,121,3,0,0,0
The Backdraft,1,1,1,0,0,121,2,0,0,0
Zoids,1,0,0,0,0,121,1,0,0,0
themselves in,0,1,0,0,0,121,2,0,2,0
Cless Alvein,1,1,0,0,0,121,2,0,0,1
Chester Barklight,1,1,0,0,0,121,2,0,0,1
Dhaos,1,0,0,0,0,121,1,0,0,1
Mint Adnade,1,1,0,0,0,121,2,0,0,1
Dhaos,1,0,0,0,0,121,1,0,0,1
Cless,1,0,0,0,0,121,1,0,0,1
Mint,1,0,0,0,0,110,1,0,0,1
Cless,1,0,0,0,0,121,1,0,0,1
Mint,1,0,0,0,0,110,1,0,0,1
Arche Klaine,1,0,0,0,0,121,2,0,0,1
Klarth F. Lester,1,1,0,0,0,121,3,1,0,1
Dhaos,1,0,0,0,0,121,1,0,0,1
Tragedy,1,1,0,0,0,110,1,0,0,0
swordsman,0,1,0,0,0,110,1,0,1,0
archer,0,1,0,0,0,110,1,0,1,0
Totus,1,0,1,0,0,121,1,0,0,0
Black Knight,1,0,0,0,1,121,2,0,0,0
To,1,1,1,0,0,121,1,0,0,0
Black Knight,1,0,0,0,1,121,2,0,0,0
Demon King,1,0,0,1,1,121,2,0,0,0
Cless,1,0,0,0,0,121,1,0,0,0
Black Knight,1,0,0,0,1,121,2,0,0,0
Demon King,1,0,0,1,1,121,2,0,0,0
Tales of Phantasia,0,1,0,0,0,121,3,0,1,0
The Animation,1,1,1,0,0,121,2,0,0,0
half-elf,0,0,0,0,1,121,1,0,1,0
summoner,0,1,0,0,1,121,1,0,1,0
Together,1,1,1,0,0,115,1,0,0,0
saving the,0,1,0,0,0,121,2,0,2,0
Helba,1,1,1,0,0,121,1,0,0,1
Somewhere,1,1,0,0,0,110,1,0,0,0
MMORPG,0,0,0,0,1,121,1,1,0,0
The World,1,1,1,0,0,121,2,0,0,0
pub,0,1,0,0,0,110,1,0,1,0
event,0,1,0,0,0,110,1,0,1,0
There,1,1,1,0,0,110,1,0,0,0
Some,1,1,0,0,0,97,1,0,0,0
relationships,0,0,0,0,0,110,1,0,1,0
Together,1,1,1,0,0,115,1,0,0,0
Net Slums,1,0,0,0,1,121,2,0,0,0
celebration,0,0,0,0,0,110,1,0,1,0
reunited including,0,1,0,0,0,121,2,0,2,0
No,1,1,0,0,0,110,1,0,0,0
synopsis,0,1,0,0,0,110,1,0,1,0
yet,0,1,0,0,0,114,1,0,1,0
Parn,1,1,0,0,0,121,1,0,0,1
Ashram,1,1,0,0,0,110,1,0,0,1
Five,1,1,0,0,0,110,1,0,0,0
Emperor,1,0,0,0,1,110,1,0,0,0
Marmo,1,0,0,0,0,121,1,0,0,0
Heroes,1,1,1,0,0,110,1,0,0,0
Free Knight of Lodoss,0,1,0,0,1,121,4,0,1,0
land,0,1,0,0,1,110,1,0,1,0
However,1,1,0,0,0,114,1,0,0,0
Emperor,1,0,0,0,1,110,1,0,0,0
right-hand,0,1,0,0,0,115,1,0,1,0
Lodoss,1,0,0,0,0,121,1,0,0,0
Meanwhile,1,1,0,0,0,110,1,0,0,0
attempts,0,0,0,0,0,110,1,0,1,0
conquest,0,0,0,0,0,110,1,0,1,0
sinister,0,0,0,0,0,115,1,0,1,0
stage,0,0,0,0,1,110,1,0,1,0
resurrection,0,0,0,0,1,110,1,0,1,0
goddess,0,0,0,0,1,110,1,0,1,0
destruction,0,1,0,0,0,110,1,0,1,0
the War,0,1,0,0,0,121,2,0,1,0
Oji,1,1,0,0,0,121,1,0,0,1
Layla,1,0,0,0,0,121,1,0,0,1
Oji Tanaka,1,1,0,0,0,121,2,0,0,0
salary man,0,0,0,0,0,121,2,0,2,0
Tokyo,1,1,1,0,0,110,1,0,0,0
But,1,1,0,0,0,114,1,0,0,0
Gabriel,1,1,0,0,0,110,1,0,0,0
metal,0,0,0,0,0,110,1,0,1,0
Black Heaven,1,1,1,0,0,121,2,0,0,0
direction,0,0,0,0,0,110,1,0,1,0
Gibson Flying V,1,0,0,0,0,121,3,1,0,0
power,0,0,0,0,0,110,1,0,1,0
massive weapon,0,0,0,0,0,121,2,0,2,0
war,0,1,0,0,0,110,1,0,1,0
in when,0,1,0,0,0,121,2,0,2,0
Lina Inverse,1,1,1,0,0,121,2,0,0,1
Naga,1,0,0,0,0,110,1,0,0,1
Joyrock,1,1,0,0,0,121,1,0,0,1
Rowdy Gabriev,1,1,0,0,0,121,2,0,0,1
Joyrock,1,1,0,0,0,121,1,0,0,1
In,1,1,1,0,0,110,1,0,0,0
Slayers,1,0,0,0,1,110,1,0,0,0
Mipross Island,1,0,0,0,0,121,2,0,0,0
Serpent,1,1,0,0,1,110,1,0,0,0
While,1,1,0,0,0,110,1,0,0,0
springs,0,1,0,0,0,110,1,0,1,0
conspiracy,0,0,0,0,0,110,1,0,1,0
mazoku,0,0,0,0,0,121,1,0,1,0
Years,1,1,0,0,0,110,1,0,0,0
island,0,0,0,0,1,110,1,0,1,0
They,1,1,1,0,0,121,1,0,0,0
mage,0,0,0,0,0,121,1,0,1,0
slaughtered,0,0,0,0,0,118,1,0,1,0
elves that,0,1,0,0,0,121,2,0,2,0
Josh Olsen,1,1,0,0,0,121,2,0,0,1
David S. Goyer,1,1,0,0,0,121,3,1,0,1
Brian Azzarello,1,1,0,0,0,121,2,0,0,1
Anime-inspired,0,1,0,0,0,121,1,0,0,0
direct-to-DVD,0,1,0,0,0,121,1,0,0,0
Comprised,1,1,0,0,0,118,1,0,0,0
creators,0,1,0,0,0,110,1,0,1,0
Academy,1,1,0,0,0,110,1,0,0,0
Award-nominated,0,1,0,0,0,121,1,0,0,0
A,1,1,0,0,0,110,1,1,0,0
History,1,1,0,0,0,110,1,0,0,0
Violence,1,1,0,0,0,110,1,0,0,0
Batman Begins,1,0,0,0,0,121,2,0,0,0
It's,0,1,1,0,0,121,1,0,0,0
window,0,0,0,0,0,110,1,0,1,0
The Dark Knight,1,1,1,0,0,121,3,0,0,0
bridge,0,0,0,0,0,110,1,0,1,0
Batman Begins,1,0,0,0,0,121,2,0,0,0
The Dark Knight,1,1,1,0,0,121,3,0,0,0
Source,1,1,0,0,0,110,1,0,0,0
IMDB,0,1,0,0,0,121,1,1,0,0
diverse including,0,1,0,0,0,121,2,0,2,0
Hitokiri ,1,1,0,0,0,121,2,0,0,1
Battousai,1,0,0,0,0,121,1,0,0,1
Battousai,1,0,0,0,0,121,1,0,0,1
Battousai,1,0,0,0,0,121,1,0,0,1
,0,1,0,0,0,121,1,0,0,1
Kenshin,1,0,0,0,0,121,1,0,0,1
Kenshin,1,0,0,0,0,121,1,0,0,1
Kaoru Kamiya,1,0,0,0,0,121,2,0,0,1
Battousai,1,0,0,0,0,121,1,0,0,1
Kenshin,1,0,0,0,0,121,1,0,0,1
Kaoru,1,1,0,0,0,121,1,0,0,1
Rurouni Kenshin,1,1,0,0,0,121,2,0,0,1
Meiji Kenkaku Romantan,1,1,0,0,0,121,3,0,0,1
Kenshin,1,0,0,0,0,121,1,0,0,1
Bakumatsu,1,0,0,0,1,121,1,0,0,0
Unbeknownst,1,1,0,0,0,115,1,0,0,0
MAL,0,1,0,0,0,121,1,1,0,0
with a,0,1,0,0,0,121,2,0,2,0
July,1,1,0,0,0,110,1,0,0,0
Mankind,1,1,0,0,0,110,1,0,0,0
extinction,0,1,0,0,0,110,1,0,1,0
An,1,1,0,0,0,110,1,0,0,0
ultra-magnetic,0,1,0,0,0,121,1,0,1,0
weapon,0,1,0,0,0,110,1,0,1,0
instant,0,1,0,0,0,110,1,0,1,0
The,1,1,1,0,0,121,1,0,0,0
crust,0,0,0,0,0,110,1,0,1,0
massive movements,0,1,0,0,0,121,2,0,2,0
The,1,1,1,0,0,121,1,0,0,0
Their,1,1,1,0,0,121,1,0,0,0
spaceships,0,0,0,0,1,110,1,0,1,0
But,1,1,0,0,0,114,1,0,0,0
spaceships,0,0,0,0,1,110,1,0,1,0
destruction,0,0,0,0,0,110,1,0,1,0
crash-landed,0,0,0,0,0,121,1,0,1,0
island,0,0,0,0,1,110,1,0,1,0
devastation,0,1,0,0,1,110,1,0,1,0
The,1,1,1,0,0,121,1,0,0,0
spaceship,0,0,0,0,1,110,1,0,1,0
island,0,0,0,0,1,110,1,0,1,0
After,1,1,1,0,0,115,1,0,0,0
darkness,0,0,0,0,1,110,1,0,1,0
annihilated,0,1,0,0,1,118,1,0,1,0
narrowly escaped,0,1,0,0,0,121,2,0,2,0
OVA,0,1,0,0,0,110,1,1,0,0
manga,0,0,0,0,1,121,1,0,1,0
First,1,1,0,0,0,110,1,0,0,0
episode,0,1,0,0,0,110,1,0,1,0
chapters,0,0,0,0,0,110,1,0,1,0
manga,0,0,0,0,1,121,1,0,1,0
Second episode,0,1,0,0,0,121,2,0,1,0
And,1,1,0,0,0,121,1,0,0,0
chapters,0,0,0,0,0,110,1,0,1,0
176 and,0,1,0,0,0,121,2,0,1,0
Hajimeru Isekai Seikatsu,1,1,0,0,0,121,3,0,0,1
Hajimeru,1,1,0,0,0,121,1,0,0,1
A,1,1,0,0,0,110,1,1,0,0
comedic shorts,0,0,0,0,0,121,2,0,2,0
characters,0,0,0,0,0,110,1,0,1,0
Re:Zero,1,1,0,0,0,121,1,0,0,0
kara,0,1,0,0,0,121,1,0,1,0
A,1,1,0,0,0,110,1,1,0,0
Re:Zero,1,1,0,0,0,121,1,0,0,0
kara,0,1,0,0,0,121,1,0,1,0
Break Time,1,1,0,0,0,121,2,0,0,0
featuring from,0,1,0,0,0,121,2,0,2,0
Mitsuomi Takayanagi,1,1,0,0,0,121,2,0,0,1
Maya Natsume,1,0,0,0,0,121,2,0,0,1
Maya,1,1,0,0,0,110,1,0,0,1
Mitsuomi,1,1,0,0,0,121,1,0,0,1
stronger,0,1,0,0,0,97,1,0,1,0
On,1,1,0,0,0,97,1,0,0,0
best,0,0,0,0,1,110,1,0,1,0
learn,0,0,0,0,0,118,1,0,1,0
things,0,0,0,0,0,110,1,0,1,0
scenes,0,1,0,0,1,110,1,0,1,0
Shin,1,1,0,0,0,110,1,0,0,0
A,1,1,0,0,0,110,1,1,0,0
tenjou tenge,0,1,0,0,0,121,2,0,2,0
form,0,1,0,0,0,110,1,0,1,0
Source,1,1,0,0,0,110,1,0,0,0
ANN,0,1,0,0,0,121,1,1,0,0
can stop,0,1,0,0,0,121,2,0,2,0
Victini,1,0,0,0,0,121,1,0,0,1
Victini,1,0,0,0,0,121,1,0,0,1
Satoshi,1,0,0,0,0,121,1,0,0,1
Pikachu,1,0,0,0,0,121,1,0,0,1
Victini,1,0,0,0,0,121,1,0,0,1
Zekrom,1,0,0,0,0,121,1,0,0,1
Reshiram,1,1,0,0,0,121,1,0,0,1
One,1,1,0,0,0,110,1,0,0,0
Pokemon Best Wishes,1,1,0,0,0,121,3,0,0,0
 movies that will premiere simultaneously on ,0,1,0,0,0,121,8,0,6,0
July,1,1,0,0,0,110,1,0,0,0
The,1,1,1,0,0,121,1,0,0,0
Pokemon Best Wishes,1,1,0,0,0,121,3,0,0,0
Kuroki Eiyuu Zekrom,1,1,0,0,0,121,3,0,0,0
Pokemon Best Wishes,1,1,0,0,0,121,3,0,0,0
Movie,1,1,0,0,1,110,1,0,0,0
Shiroki Eiyuu Reshiram,1,1,0,0,0,121,3,0,0,0
The,1,1,1,0,0,121,1,0,0,0
Pokemon,1,0,0,0,0,121,1,0,0,0
two movies,0,1,0,0,0,121,2,0,2,0
Ayanokoji,1,0,0,0,0,121,1,0,0,1
Ayanokoji,1,0,0,0,0,121,1,0,0,1
Kurumi,1,0,0,0,0,121,1,0,0,1
Nakahito Kagura,1,0,0,0,0,121,2,0,0,1
Ayanokoji,1,0,0,0,0,121,1,0,0,1
Kurumi,1,0,0,0,0,121,1,0,0,1
Kurumi,1,0,0,0,0,121,1,0,0,1
Kurumi,1,0,0,0,0,121,1,0,0,1
During,1,1,0,0,0,121,1,0,0,0
Japan,1,1,0,0,0,110,1,0,0,0
Taisho Era,1,1,0,0,0,121,2,0,0,0
scientist,0,0,0,0,0,110,1,0,1,0
Steel Angel,1,0,0,0,1,121,2,0,0,0
humanoid,0,0,0,0,0,110,1,0,1,0
abilities,0,1,0,0,0,110,1,0,1,0
Imperial Army,1,0,0,0,1,121,2,0,0,0
Steel Angel,1,0,0,0,1,121,2,0,0,0
modern warfare,0,1,0,0,0,121,2,0,2,0
creation,0,0,0,0,0,110,1,0,1,0
mankind,0,1,0,0,0,110,1,0,1,0
Thus,1,1,0,0,0,110,1,0,0,0
orders,0,0,0,0,0,110,1,0,1,0
Army,1,0,0,0,1,110,1,0,0,0
Steel Angel,1,0,0,0,1,121,2,0,0,0
Then,1,1,1,0,0,110,1,0,0,0
house,0,0,0,0,1,110,1,0,1,0
friends,0,0,0,0,0,110,1,0,1,0
A,1,1,0,0,0,110,1,1,0,0
Imperial Army,1,0,0,0,1,121,2,0,0,0
house,0,0,0,0,1,110,1,0,1,0
Nakahito,1,1,0,0,0,121,1,0,0,0
At,1,1,0,0,0,110,1,0,0,0
lips,0,1,0,0,0,110,1,0,1,0
miracle,0,1,0,0,0,110,1,0,1,0
an artificial,0,1,0,0,0,121,2,0,2,0
Remake,1,1,0,0,0,110,1,0,0,0
Dragon Ball,1,1,0,0,0,121,2,0,0,0
Z,1,1,0,0,0,110,1,1,0,0
Plan,1,1,0,0,0,110,1,0,0,0
Destroy,1,0,0,0,0,118,1,0,0,0
Saiyajin,1,1,0,0,1,121,1,0,0,0
Extra,1,1,0,0,0,110,1,0,0,0
Dragonball,1,1,0,0,0,121,1,0,0,0
Raging,1,1,0,0,0,118,1,0,0,0
Blast,1,1,0,0,0,110,1,0,0,0
X360/PS3,0,1,0,0,0,121,1,1,0,0
the on,0,1,0,0,0,121,2,0,2,0
Himawari Hinata,1,1,0,0,0,121,2,0,0,1
Shinobi Gakuen,1,0,0,0,0,121,2,0,0,1
Hayato Madenokoji,1,1,0,0,0,121,2,0,0,1
Hayato,1,0,0,0,0,121,1,0,0,1
Himawari,1,1,0,0,0,121,1,0,0,1
Hayato,1,0,0,0,0,121,1,0,0,1
kunoichi,0,0,0,0,0,121,1,0,1,0
She,1,1,1,0,0,121,1,0,0,0
ninja,0,0,0,0,1,110,1,0,1,0
little,0,1,0,0,0,110,1,0,1,0
On,1,1,0,0,0,97,1,0,0,0
life,0,1,0,0,0,110,1,0,1,0
ninja,0,0,0,0,1,110,1,0,1,0
traits,0,1,0,0,0,110,1,0,1,0
ninjas,0,0,0,0,1,110,1,0,1,0
society,0,0,0,0,0,110,1,0,1,0
debt,0,1,0,0,0,110,1,0,1,0
However,1,1,0,0,0,114,1,0,0,0
mark,0,0,0,0,0,110,1,0,1,0
neck,0,0,0,0,0,110,1,0,1,0
ninja,0,0,0,0,1,110,1,0,1,0
young,0,1,0,0,0,110,1,0,1,0
same on,0,1,0,0,0,121,2,0,2,0
Tortov Roddle,1,1,1,0,0,121,2,0,0,1
words,0,0,0,0,0,110,1,0,1,0
journey,0,0,0,0,0,110,1,0,1,0
inhabitants,0,0,0,0,0,110,1,0,1,0
As,1,1,0,0,0,110,1,0,0,0
long-legged,0,0,0,0,0,115,1,0,1,0
desert,0,0,0,0,1,110,1,0,1,0
customs,0,0,0,0,0,110,1,0,1,0
past,0,1,0,0,0,110,1,0,1,0
man of,0,1,0,0,0,121,2,0,2,0
Ronja,1,0,0,0,0,121,1,0,0,1
Ronja,1,0,0,0,0,121,1,0,0,1
The,1,1,1,0,0,121,1,0,0,0
chief,0,0,0,0,0,110,1,0,1,0
bandits,0,0,0,0,1,110,1,0,1,0
castle,0,0,0,0,0,110,1,0,1,0
bandits,0,0,0,0,1,110,1,0,1,0
The,1,1,1,0,0,121,1,0,0,0
creatures,0,1,0,0,0,110,1,0,1,0
friends,0,0,0,0,0,110,1,0,1,0
experiences,0,0,0,0,0,110,1,0,1,0
story follows,0,1,0,0,0,121,2,0,2,0
Shoutarou Kaneda,1,1,0,0,0,121,2,0,0,1
Shoutarou,1,1,0,0,0,121,1,0,0,1
Tetsuo Shima,1,0,0,0,0,121,2,0,0,1
Tetsuo,1,1,0,0,0,121,1,0,0,1
Japan,1,1,0,0,0,110,1,0,0,0
Tokyo,1,0,1,0,0,110,1,0,0,0
World War III,0,1,0,0,0,121,3,1,0,0
Tokyo,1,0,1,0,0,110,1,0,0,0
Tokyo,1,0,1,0,0,110,1,0,0,0
MAL,0,1,0,0,0,121,1,1,0,0
against the,0,1,0,0,0,121,2,0,2,0
Lynn Minmay,1,0,0,0,0,121,2,0,0,1
Nekki Basara,1,1,0,0,0,121,2,0,0,1
Basara,1,1,0,0,0,121,1,0,0,1
Zentradi,1,0,0,0,1,121,1,0,0,0
humans,0,0,0,0,1,110,1,0,1,0
Macross,1,1,0,0,0,110,1,0,0,0
guitarist,0,0,0,0,0,110,1,0,1,0
singer,0,0,0,0,0,110,1,0,1,0
Fire Bomber,1,1,0,0,0,121,2,0,0,0
Living,1,1,0,0,0,110,1,0,0,0
less-developed,0,0,0,0,0,121,1,0,1,0
colony,0,1,0,0,0,110,1,0,1,0
City,1,1,0,0,0,110,1,0,0,0
planet,0,1,0,0,0,110,1,0,1,0
belief,0,0,0,0,1,110,1,0,1,0
music,0,0,0,0,0,110,1,0,1,0
power,0,1,0,0,0,110,1,0,1,0
During,1,1,0,0,0,121,1,0,0,0
flight,0,1,0,0,0,110,1,0,1,0
City 7,1,1,0,0,0,121,2,0,0,0
However,1,1,0,0,0,114,1,0,0,0
conventional,0,1,0,0,0,97,1,0,1,0
spiritia,0,1,0,0,0,121,1,0,1,0
zombie-like,0,1,0,0,0,121,1,0,1,0
During,1,1,0,0,0,121,1,0,0,0
warzone,0,1,0,0,1,121,1,0,1,0
music,0,0,0,0,0,110,1,0,1,0
since had,0,1,0,0,0,121,2,0,2,0
Ash Ketchum,1,0,0,0,0,121,2,0,0,1
Sakura,1,1,0,0,0,121,1,0,0,1
Misty,1,1,0,0,0,115,1,0,0,1
Casey,1,1,0,0,0,121,1,0,0,1
Tracey,1,1,0,0,0,121,1,0,0,1
Ash,1,1,0,0,0,110,1,0,0,1
Pokémon Chronicles,0,1,0,0,0,121,2,0,0,0
TV,0,0,0,0,0,110,1,1,0,0
English-dubbed,0,0,0,0,1,121,1,0,0,0
Pokémon TV,0,1,0,0,0,121,2,1,0,0
specials,0,1,0,0,0,110,1,0,1,0
Many,1,1,0,0,0,97,1,0,0,0
episodes,0,0,0,0,1,110,1,0,1,0
Weekly Pokémon,0,1,0,0,1,121,2,0,0,0
Broadcasting Station,1,1,0,0,0,121,2,0,0,0
Japan,1,1,0,0,0,110,1,0,0,0
The Legend of Thunder,0,1,1,0,0,121,4,0,1,0
Pikachu,1,1,0,0,1,121,1,0,0,0
The,1,1,1,0,0,121,1,0,0,0
episode,0,1,0,0,0,110,1,0,1,0
recurring/main,0,0,0,0,1,121,1,0,1,0
journey,0,1,0,0,0,110,1,0,1,0
appearances,0,0,0,0,0,110,1,0,1,0
series,0,0,0,0,1,110,1,0,1,0
cameos,0,1,0,0,0,110,1,0,1,0
Source,1,1,0,0,0,110,1,0,0,0
Bulbapedia,1,1,0,0,0,121,1,0,0,0
of the,0,1,0,0,0,121,2,0,2,0
Romeo,1,0,0,0,0,110,1,0,0,1
Alfredo,1,0,0,0,0,121,1,0,0,1
Romeo,1,0,0,0,0,110,1,0,0,1
Angeletta,1,1,0,0,0,121,1,0,0,1
Romeo,1,0,0,0,0,110,1,0,0,1
Alfredo,1,0,0,0,0,121,1,0,0,1
Romeo,1,0,0,0,0,110,1,0,0,1
Angeletta,1,1,0,0,0,121,1,0,0,1
Alfredo,1,0,0,0,0,121,1,0,0,1
Bianca,1,0,0,0,0,121,1,0,0,1
Bianca,1,0,0,0,0,121,1,0,0,1
To,1,1,1,0,0,121,1,0,0,0
money,0,0,0,0,1,110,1,0,1,0
doctor,0,0,0,0,0,110,1,0,1,0
father,0,1,0,0,0,110,1,0,1,0
chimney sweep,0,1,0,0,0,121,2,0,2,0
On,1,1,0,0,0,97,1,0,0,0
Milan,1,0,0,0,0,110,1,0,0,0
fate,0,1,0,0,0,110,1,0,1,0
Upon,1,1,0,0,0,121,1,0,0,0
bosses,0,0,0,0,0,110,1,0,1,0
hardships,0,0,0,0,1,110,1,0,1,0
His,1,1,0,0,0,121,1,0,0,0
daughter,0,1,0,0,0,110,1,0,1,0
illness,0,0,0,0,0,110,1,0,1,0
room,0,1,0,0,0,110,1,0,1,0
She,1,1,1,0,0,121,1,0,0,0
union,0,1,0,0,0,110,1,0,1,0
Black Brothers,1,1,0,0,0,121,2,0,0,0
Wolf Pack,1,1,0,0,0,121,2,0,0,0
gang,0,1,0,0,0,110,1,0,1,0
them,0,1,0,0,0,121,1,0,1,0
With,1,1,1,0,0,121,1,0,0,0
her,0,1,0,0,0,121,1,0,1,0
Soon,1,1,0,0,0,114,1,0,0,0
brotherhood,0,0,0,0,1,110,1,0,1,0
hardships,0,0,0,0,1,110,1,0,1,0
bosses,0,0,0,0,0,110,1,0,1,0
hooligans,0,1,0,0,0,110,1,0,1,0
secret,0,1,0,0,0,110,1,0,1,0
It,1,1,0,0,0,110,1,0,0,0
Black Brothers,1,1,0,0,0,121,2,0,0,0
truth,0,1,0,0,1,110,1,0,1,0
heading to,0,1,0,0,0,121,2,0,2,0
Lupin,1,0,0,0,0,110,1,0,0,1
Queen Sakura,1,0,0,1,0,121,2,0,0,1
Prince Gill,1,1,0,0,0,121,2,0,0,1
Princess Mira,1,0,0,0,0,121,2,0,0,1
Princess Mira,1,0,0,0,0,121,2,0,0,1
Ran,1,0,0,0,0,118,1,0,0,1
Ran,1,0,0,0,0,118,1,0,0,1
Conan,1,1,0,0,0,121,1,0,0,1
Zenigata,1,1,0,0,0,121,1,0,0,1
Kogoro Mouri,1,1,0,0,0,121,2,0,0,1
Lupin,1,0,0,0,0,110,1,0,0,1
Fujiko,1,0,0,0,0,121,1,0,0,1
In,1,1,1,0,0,110,1,0,0,0
country,0,0,0,0,0,110,1,0,1,0
Vesparand,1,0,0,0,0,121,1,0,0,0
mineral,0,0,0,0,0,110,1,0,1,0
properties,0,0,0,0,0,110,1,0,1,0
attention,0,1,0,0,0,110,1,0,1,0
At,1,1,0,0,0,110,1,0,0,0
deaths,0,0,0,0,1,110,1,0,1,0
throne,0,1,0,0,1,110,1,0,1,0
During,1,1,0,0,0,121,1,0,0,0
Japan,1,1,0,0,0,110,1,0,0,0
opportunity,0,0,0,0,1,110,1,0,1,0
places,0,1,0,0,0,110,1,0,1,0
Vesparand,1,0,0,0,0,121,1,0,0,0
There,1,1,1,0,0,110,1,0,0,0
Jigen,1,0,0,0,0,121,1,0,0,0
mystery,0,0,0,0,1,110,1,0,1,0
deaths,0,0,0,0,1,110,1,0,1,0
Queen,1,0,0,1,1,110,1,0,0,0
Prince,1,1,0,0,0,110,1,0,0,0
the a,0,1,0,0,0,121,2,0,2,0
Ovan,1,0,0,0,0,121,1,0,0,1
Ovan,1,0,0,0,0,121,1,0,0,1
The,1,1,1,0,0,121,1,0,0,0
characters,0,1,0,0,0,110,1,0,1,0
G.U. Games,1,1,0,0,0,121,2,1,0,0
Roots,1,1,0,0,0,110,1,0,0,0
He,1,1,1,0,0,110,1,0,0,0
Hidden Forbidden Festival,1,0,0,0,0,121,3,0,0,0
There,1,1,1,0,0,110,1,0,0,0
AIDA Chim Chim,0,0,1,0,0,121,3,1,0,0
co-exist,0,0,0,0,0,121,1,0,1,0
The World,1,1,1,0,0,121,2,0,0,0
It,1,1,0,0,0,110,1,0,0,0
Returner,1,1,0,0,0,121,1,0,0,0
The World,1,1,1,0,0,121,2,0,0,0
so they,0,1,0,0,0,121,2,0,2,0
Momiji,1,1,0,0,0,121,1,0,0,1
Kushinada,1,1,0,0,0,121,1,0,0,1
Kushinada,1,1,0,0,0,121,1,0,0,1
Aragami,1,1,0,0,1,121,1,0,0,1
Kusanagi,1,1,0,0,0,121,1,0,0,1
descendant,0,0,0,0,1,110,1,0,1,0
Only,1,1,0,0,0,115,1,0,0,0
monsters,0,0,0,0,0,110,1,0,1,0
Japan,1,1,0,0,0,110,1,0,0,0
Along,1,1,0,0,0,114,1,0,0,0
TAC,0,1,0,0,1,121,1,1,0,0
the of,0,1,0,0,0,121,2,0,2,0
Conan,1,0,0,0,0,121,1,0,0,1
Tokyo Spirits,1,0,1,0,0,121,2,0,0,1
Gamba Osaka,1,1,0,0,0,121,2,0,0,1
Conan,1,0,0,0,0,121,1,0,0,1
culprit,0,1,0,0,1,110,1,0,1,1
After,1,1,1,0,0,115,1,0,0,0
J-League,1,0,0,0,0,121,1,0,0,0
players,0,1,0,0,0,110,1,0,1,0
match,0,0,0,0,0,110,1,0,1,0
stadium,0,1,0,0,1,110,1,0,1,0
It is,0,1,1,0,0,121,2,0,1,0
identity,0,1,0,0,0,110,1,0,1,0
been planted,0,1,0,0,0,121,2,0,2,0
Join Danma,1,1,0,0,0,121,2,0,0,1
Chouji,1,1,0,0,0,121,1,0,0,1
Dragonoid,1,0,0,0,0,121,1,0,0,1
Bakugan,1,0,0,0,0,121,1,0,0,1
Vestal,1,1,0,0,0,110,1,0,0,1
Bakugan Resistance,1,0,0,0,0,121,2,0,0,0
planet,0,1,0,0,0,110,1,0,1,0
New Vestroia,1,1,0,0,0,121,2,0,0,0
The,1,1,1,0,0,121,1,0,0,0
newly-formed,0,1,0,0,0,121,1,0,1,0
Vestals,1,0,0,0,0,110,1,0,0,0
domination,0,1,0,0,0,110,1,0,1,0
Source,1,1,0,0,0,110,1,0,0,0
Nelvana,1,1,0,0,0,121,1,0,0,0
to their,0,1,0,0,0,121,2,0,2,0
Captain Harlock,1,0,0,0,0,121,2,0,0,1
Tadashi Daiba,1,0,0,0,0,121,2,0,0,1
Captain Harlock,1,0,0,0,0,121,2,0,0,1
It,1,1,0,0,0,110,1,0,0,0
2977 AD,0,0,0,0,0,121,2,1,0,0
stagnant,0,1,0,0,0,115,1,0,1,0
Robots,1,1,0,0,0,110,1,0,0,0
masses,0,0,0,0,1,110,1,0,1,0
tranquil,0,1,0,0,0,115,1,0,1,0
 by subliminal messages, and ,0,1,0,0,0,121,6,0,4,0
government officials,0,0,0,0,0,121,2,0,2,0
golf,0,0,0,0,0,110,1,0,1,0
horse racing,0,1,0,0,0,121,2,0,2,0
like-minded,0,0,0,0,0,115,1,0,1,0
adventurous,0,0,0,0,0,97,1,0,1,0
Arcadia,1,1,0,0,0,110,1,0,0,0
A,1,1,0,0,0,110,1,1,0,0
Mazone,1,0,0,0,1,121,1,0,0,0
Earth,1,1,0,0,1,110,1,0,0,0
cloaked women,0,0,0,0,0,121,2,0,2,0
nefarious doings,0,1,0,0,0,121,2,0,2,0
hit-list,0,1,0,0,0,121,1,0,1,0
After,1,1,1,0,0,115,1,0,0,0
Mazone,1,0,0,0,1,121,1,0,0,0
pirates,0,0,0,0,0,110,1,0,1,0
humanity,0,0,0,0,0,110,1,0,1,0
they try,0,1,0,0,0,121,2,0,2,0
Skull,1,0,0,0,0,110,1,0,0,1
Dr. Isaac Gilmore,1,1,0,0,0,121,3,0,0,1
Skull,1,0,0,0,0,110,1,0,0,1
Black Ghost,1,0,0,0,0,121,2,0,0,0
cyborgs,0,0,0,0,1,110,1,0,1,0
But,1,1,0,0,0,114,1,0,0,0
Black Ghosts,1,1,0,0,1,121,2,0,0,0
cybernetics,0,1,0,0,0,110,1,0,1,0
rogue,0,1,0,0,0,110,1,0,1,0
cyborgs,0,0,0,0,1,110,1,0,1,0
organization,0,1,0,0,0,110,1,0,1,0
Black Ghost,1,0,0,0,0,121,2,0,0,0
destruction,0,1,0,0,0,110,1,0,1,0
It,1,1,0,0,0,110,1,0,0,0
cyborgs,0,0,0,0,1,110,1,0,1,0
Black Ghost,1,0,0,0,0,121,2,0,0,0
cyborgs,0,0,0,0,1,110,1,0,1,0
them as,0,1,0,0,0,121,2,0,2,0
Saito Hiraga,1,1,0,0,0,121,2,0,0,1
Louise,1,0,0,0,0,121,1,0,0,1
Louise,1,0,0,0,0,121,1,0,0,1
Sheffield,1,1,1,0,0,110,1,0,0,1
Saito,1,0,0,0,0,121,1,0,0,1
Void,1,0,0,0,0,110,1,0,0,1
Louise,1,0,0,0,0,121,1,0,0,1
Saito,1,0,0,0,0,121,1,0,0,1
Saito,1,0,0,0,0,121,1,0,0,1
Albion,1,1,0,0,0,110,1,0,0,0
Void,1,0,0,0,0,110,1,0,0,0
Void,1,0,0,0,0,110,1,0,0,0
MAL,0,1,0,0,0,121,1,1,0,0
their relationship,0,1,0,0,0,121,2,0,2,0
Edward Elric,1,1,0,0,0,121,2,0,0,1
Alphonse,1,0,0,0,0,121,1,0,0,1
Edward,1,1,0,0,0,110,1,0,0,1
Edward,1,1,0,0,0,110,1,0,0,1
Alphonse,1,0,0,0,0,121,1,0,0,1
Edward,1,1,0,0,0,110,1,0,0,1
Edward,1,1,0,0,0,110,1,0,0,1
Alphonse,1,0,0,0,0,121,1,0,0,1
Elric,1,0,0,0,1,121,1,0,0,1
MAL,0,1,0,0,0,121,1,1,0,0
is more,0,1,0,0,0,121,2,0,2,0
Episode,1,1,0,0,0,110,1,0,0,0
Gatchaman Crowds Insight,1,0,1,0,0,121,3,0,0,0
Hulu,1,0,0,0,0,121,1,0,0,0
the airing,0,1,0,0,0,121,2,0,2,0
Kraft Lawrence,1,1,0,0,0,121,2,0,0,1
Holo,1,1,0,0,0,121,1,0,0,1
Holo,1,1,0,0,0,121,1,0,0,1
Yoitsu,1,1,0,0,0,121,1,0,0,0
companion continue,0,1,0,0,0,121,2,0,2,0
Shichika Yasuri,1,1,0,0,0,121,2,0,0,1
Nanami,1,0,0,0,0,121,1,0,0,1
Togame,1,0,1,0,0,121,1,0,0,1
Togame,1,0,1,0,0,121,1,0,0,1
Togame,1,0,1,0,0,121,1,0,0,1
Japan,1,0,0,0,0,110,1,0,0,0
Kyotouryuu,1,1,0,0,1,121,1,0,0,0
Kyotouryuu,1,1,0,0,1,121,1,0,0,0
MAL,0,1,0,0,0,121,1,1,0,0
school Shichika,0,1,0,0,0,121,2,0,1,0
Dario Brando,1,1,0,0,0,121,2,0,0,1
George oestar,0,1,0,0,0,121,2,0,1,1
Dario,1,1,0,0,0,121,1,0,0,1
Dio,1,0,0,0,0,121,1,0,0,1
George,1,0,0,0,0,110,1,0,0,1
Dio,1,0,0,0,0,121,1,0,0,1
Joestar,1,0,0,0,1,121,1,0,0,1
George,1,0,0,0,0,110,1,0,0,1
Jonathan,1,1,0,0,0,110,1,0,0,1
JoJo,0,0,0,0,0,121,1,0,0,1
Joestar,1,0,0,0,1,121,1,0,0,1
Jonathan,1,1,0,0,0,110,1,0,0,1
Joseph Joestar,1,0,0,0,0,121,2,0,0,1
Hirohiko Araki,1,1,0,0,0,121,2,0,0,1
JoJo,0,0,0,0,0,121,1,0,0,1
Kimyou,1,0,0,0,0,121,1,0,0,1
Bouken,1,0,0,0,0,121,1,0,0,1
JoJo,0,0,0,0,0,121,1,0,0,1
Dio,1,0,0,0,0,121,1,0,0,1
New York City,1,1,0,0,0,121,3,0,0,0
MAL,0,1,0,0,0,121,1,1,0,0
is the,0,1,0,0,0,121,2,0,2,0
Taichi Yagami,1,1,0,0,0,121,2,0,0,1
Digimon,1,1,0,0,0,121,1,0,0,1
DigiDestined,0,0,0,0,1,121,1,0,0,1
July,1,1,0,0,0,110,1,0,0,0
Digimon,1,1,0,0,1,121,1,0,0,0
Digital World,1,1,0,0,1,121,2,0,0,0
Digimon,1,1,0,0,1,121,1,0,0,0
Digital World,1,1,0,0,1,121,2,0,0,0
new friends,0,1,0,0,0,121,2,0,2,0
